
Fichier : C:/Users/virgc/GitHub/wingproj/Gomez analysis plan/PAD analysis/2017_11_28 Field 18 landmarks scaled_PW lat.txt

Archivo	C:/Users/virgc/GitHub/wingproj/Gomez analysis plan/PAD analysis/2017_11_28 Field 18 landmarks scaled_PW lat.txt
Comentario
SAMPLE INFO: C:/Users/vmc04/Documents/GitHub/wingproj/Gomez analysis plan/2017_09_06 Field 18 landmarks scaled - {partial warps scores - U1 y U2 en las dos ultimas columnas} - Field 18 landmarks for analysis- 17 50 47 45 54 17 11 or 67-92-71-11 or 159-71-11



Datos son:	Partial Warps (PW)
----------------- - - - - - - - - - - -----------------

Datos, en parte:
0.0003536879862514517 -0.00093442735223163941 -0.001172147951551517
0.0018694209667981653 0.0018709444475340305 0.00041380910397264875
1.7080599265364354e-05 0.00012891099668654315 -0.00049548101668615819
0.001188701858613159 0.0010278881872573991 -0.0013302691307165767
...

241	Nombre total d'individus
32	Nombre de variables

Hay 3 grupos: 67 163 11
partZ 
2 67 32 0.001040936205016418
2144
preplisteW
2 67 32 0.001040936205016418
2144
partZ 
2 163 32 0.0027816261440899133
5216
preplisteW
2 163 32 0.0027816261440899133
5216
partZ 
2 11 32 -0.0004988511954702173
352
preplisteW
2 11 32 -0.0004988511954702173
352
listeW
2 241 32 0.001040936205016418
7712

---------------------------
Matrice variance covariance 'within groups' NON corrigee 
0.0009132224926284308 0.0003324993302545544 0.00017730459382913366 -4.751890582299161e-5 -0.00016341537424378587 -9.326999234741945e-5 -0.00017513059795299854 -0.0004823849638451308 0.0004298870491681051 8.478341224998456e-5 0.00020584361184336134 8.603780162785272e-5 -0.0005460264946011967 0.0001599712713839383 -0.0001413166187066626 -9.071972574082193e-5 -0.0017405263410372592 -0.00015339138287395626 0.00023559817219579514 0.00011684817891782046 -0.0007217340919208139 -6.683517764370674e-5 -0.00015912948408478223 3.0094384025494544e-5 -0.00011891008418641215 0.00016653351853249167 0.0004232503002446081 -9.872659964259728e-5 -0.001044713027997821 -0.00017676057424456863 0.0007169937122358352 0.0004590005457351431
0.0003324993302545544 0.0013102745524046508 0.00016281783816497012 -5.134155807337641e-6 -5.67517412899686e-5 -3.0209661479872154e-5 -0.00042149389349214534 -0.00017644877919922029 -3.6274355855804683e-6 5.936734673554336e-7 0.00018872290399050536 2.2716142363340508e-5 -0.000181138228871728 0.00018042577081848297 -0.00014464283079154534 -0.00010625844134661896 -0.0017522908091729588 -0.00011034590894449595 7.417649541394088e-5 8.757783772526312e-5 -0.0005202600045639646 -9.799770451178314e-5 0.000492280828805284 0.00012537143944444523 -0.00051082745892518 -2.816439918701653e-5 0.0005929027032740234 -0.0003363956185915059 -0.0009703990859182014 -0.00032047013778934265 0.0005926176031005614 -7.035027994007344e-6
0.00017730459382913366 0.00016281783816497012 0.0010964503768720853 0.00011571381010390463 -0.0003107773622259538 7.411529784413017e-5 -4.248549639459982e-7 -0.00020532639587863386 2.689117041195031e-5 -3.531874545230641e-5 -0.0013695358039627831 0.00039850179123134726 0.0016029475757925512 0.00010822897378645624 -0.0014374396140602987 -5.0747061219930576e-6 -0.002416009043427167 3.4600955194226023e-5 0.0024948545836795907 1.4144620878757948e-5 -0.0010172939166708092 -6.692119877465371e-5 -0.001965483885183195 -5.728703490500611e-5 -0.0011889451507459787 -0.0003231088425161875 0.0024523105556850753 -0.00014619037763819335 -0.0012995235445860838 0.00019459428147861047 0.0011268462081618466 -0.0007424335376370607
-4.751890582299161e-5 -5.134155807337641e-6 0.00011571381010390463 0.0010193279870031522 2.9775633687796933e-5 4.940397846338252e-5 1.5212965357726712e-5 3.1484390602084167e-6 9.289328251930429e-5 -4.362656655819925e-5 -0.0002778633445996737 -0.00016997819809424724 0.0005609948074646965 -9.377604179114484e-5 0.00010825137835448575 -0.00010902504735526823 0.0018548689501010807 4.4893066101041875e-5 -0.0002314558608277599 -1.8974907406023864e-5 0.0004087864448394111 6.909303880769577e-5 -0.0007149760341615205 -0.00017678936708396674 0.0005482492157865784 -0.00028430909375950185 9.206071458290997e-5 0.00012869864458523773 0.0017130454006938688 -7.779666310012248e-5 -0.00043552282242721176 -0.000502511731587547
-0.00016341537424378587 -5.67517412899686e-5 -0.0003107773622259538 2.9775633687796933e-5 0.0007354670231085353 0.00018541128627819564 -6.814550876210344e-8 0.0001409172431034237 -0.0001688577692516363 -7.804759185752799e-5 0.0008165512153961432 -0.00021582034382917846 -0.0008148589804850584 3.805466772041265e-5 0.0006715535440767313 -2.5985351205117417e-5 0.0009392615255794642 -6.920096948146456e-5 -0.0016816650500997602 2.953440087143491e-5 0.0009754988400926934 -3.662645848595197e-5 0.002005804326538614 -8.87493580009349e-6 0.0005705035192001397 0.00019435390143810458 -0.0009428083441511537 0.0001552643486261066 0.00013485740799313887 -0.00017008032925695002 -0.0008368023328474009 0.00028500960187057505
-9.326999234741945e-5 -3.0209661479872154e-5 7.411529784413017e-5 4.940397846338252e-5 0.00018541128627819564 0.001082924470183087 -1.4840865901154846e-5 8.842640442897063e-5 -5.825643402229748e-6 -0.00011107330898904458 0.0005852141980338584 0.00024048076139702567 -0.0004924750071452068 0.00018596872156255743 -8.932499138020287e-5 -0.00015485832446041615 -0.0022090355033968145 -0.00018014247103722019 0.000439607653103199 8.764222224134955e-5 0.0001522831127542931 -0.0001378894919913752 0.0012275548223345675 0.00015921447721656238 -0.0009045248104079815 0.00039139861383163005 -5.090222401580763e-5 -6.390233810360876e-5 -0.001359201826254992 -0.000249521232233697 0.0010850260628111705 0.00024715793270550194
-0.00017513059795299854 -0.00042149389349214534 -4.248549639459982e-7 1.5212965357726712e-5 -6.814550876210344e-8 -1.4840865901154846e-5 0.0019324140534774637 0.00041132315102819744 5.269605394742779e-5 -0.0011336237152393556 -0.0004476276738352696 2.099147384728844e-5 0.0004192502440955328 -1.446505039046034e-5 0.0006503282995110463 0.0006682134014862467 0.0009861211921423922 0.00022908942652695506 0.0011522693397109003 9.624963028921048e-5 0.0008366657815104181 0.00037823551582881444 -0.0005254310427826946 9.939673587115677e-5 -0.0007847121611093462 -0.0005712458678374231 -0.00018395856240460673 -1.622111451137845e-5 0.0011093799473560321 -7.169434418866818e-5 -0.0004902238702674793 -0.0009079957115672299
-0.0004823849638451308 -0.00017644877919922029 -0.00020532639587863386 3.1484390602084167e-6 0.0001409172431034237 8.842640442897063e-5 0.00041132315102819744 0.0014096321063775878 -0.0007209795424396318 -0.0004489650827902192 -2.1136887706328508e-5 -0.00014860877633438577 0.00019276262242078434 -6.26863155112452e-5 0.00037229377813015297 0.0003029208430166232 0.001560106666361334 4.1071078971683795e-7 -0.0002884218750085334 -3.394660208765932e-5 0.00036127103909659806 -5.330679338857547e-5 -0.0005990021056710713 7.007989528264935e-6 0.0001412966117553297 1.1021386465110461e-5 -0.0006365544508584177 0.0001098530052976468 0.001980992616311169 5.581835256473275e-5 -0.0009262290856224175 0.0005006313277352185
0.0004298870491681051 -3.6274355855804683e-6 2.689117041195031e-5 9.289328251930429e-5 -0.0001688577692516363 -5.825643402229748e-6 5.269605394742779e-5 -0.0007209795424396318 0.0038631313934499928 -0.00033314361012177845 0.0005488275764790936 -0.00012859159243871238 -0.0003409997647658101 -1.2655322886508773e-5 0.000587779930861371 -0.001276858099389815 -0.002911356633236245 -0.0004085959959560604 -2.9413508228709498e-5 -0.0006883681874097825 -0.00041032808659271743 -0.0005943695499133155 0.001181758634530062 -0.00027004429732400926 -3.5369440461870054e-5 0.0007472683055228206 0.0007273201476247013 -0.0002530555467690563 -0.00026216656389216754 2.2753060748739346e-6 0.0008561123240000251 0.0011759710471752056
8.478341224998456e-5 5.936734673554336e-7 -3.531874545230641e-5 -4.362656655819925e-5 -7.804759185752799e-5 -0.00011107330898904458 -0.0011336237152393556 -0.0004489650827902192 -0.00033314361012177845 0.0017221221280463515 0.00017697876413104124 5.9369324759099706e-5 5.746335008122994e-6 9.880093307152521e-5 -0.0010419750104633423 -0.0003926010843725552 -0.00039163704800572295 -6.116306028603156e-5 -0.0008753342187741706 -0.0001258788957407549 -0.0005268106160923897 -9.598367006366266e-5 0.000489045285041952 -0.00016883783355088028 0.00038903065954061354 0.0001989982407464638 3.9585809972733166e-5 9.53489538796127e-5 -0.0009387068140693896 -9.129861567880776e-5 9.739222865039944e-5 -0.00020706433942416767
0.00020584361184336134 0.00018872290399050536 -0.0013695358039627831 -0.0002778633445996737 0.0008165512153961432 0.0005852141980338584 -0.0004476276738352696 -2.1136887706328508e-5 0.0005488275764790936 0.00017697876413104124 0.006892138999198361 -0.0002406805278533173 -0.006742603864281527 0.0005230817125004654 0.0029796266675341733 -0.0007882916357254938 -0.003476288090786691 -0.0003619481273605037 -0.006022892473002203 0.0006327581814545246 0.0009593015700333062 -0.0006083263842659062 0.010259324617427724 -0.00011131126634288826 0.00011361787538823627 0.0014709349716671698 -0.0047415738268736 0.0001292654447653392 -0.0029894193955501734 -0.00048547257248148895 0.0012259987017612891 0.0018785564385491037
8.603780162785272e-5 2.2716142363340508e-5 0.00039850179123134726 -0.00016997819809424724 -0.00021582034382917846 0.00024048076139702567 2.099147384728844e-5 -0.00014860877633438577 -0.00012859159243871238 5.9369324759099706e-5 -0.0002406805278533173 0.0018455361139094778 4.923876398893275e-5 -5.7236048514196714e-5 -0.0007641776709492743 0.00027351872144487145 -0.003253408848338717 0.00017787234644615503 0.0012381600639067014 -0.000287846493629013 -0.001276135275995813 3.4174928091325554e-5 -0.0007285443776000252 -0.00017329562092860968 -0.0019363150362262038 -0.00014072468110039356 0.0027170211206679717 6.0604638328709326e-5 -0.0015254450837453046 0.00037292383500570715 0.0013564501958919016 -0.001140031828961845
-0.0005460264946011967 -0.000181138228871728 0.0016029475757925512 0.0005609948074646965 -0.0008148589804850584 -0.0004924750071452068 0.0004192502440955328 0.00019276262242078434 -0.0003409997647658101 5.746335008122994e-6 -0.006742603864281527 4.923876398893275e-5 0.016921295379332547 -0.0007026574192901441 -0.005108597609612317 0.0004925994916468489 0.004495999670626531 0.0001583005405023051 0.004253274280388065 -0.0006497081079441108 0.0007674484202736014 0.0006077593140388333 -0.00764306252507624 0.00021665836334976293 -0.00044190451303047283 -0.0022933868981408426 0.004195300708086803 0.0002286919262906379 0.002645617541581681 0.0011508688933255743 0.0005167496027140666 -0.002442113578628312
0.0001599712713839383 0.00018042577081848297 0.00010822897378645624 -9.377604179114484e-5 3.805466772041265e-5 0.00018596872156255743 -1.446505039046034e-5 -6.26863155112452e-5 -1.2655322886508773e-5 9.880093307152521e-5 0.0005230817125004654 -5.7236048514196714e-5 -0.0007026574192901441 0.0017456007454315031 -0.0004608537536029672 -0.00019932118437864234 -0.002332781313170576 -4.6103111494768654e-5 -0.00032771890100277847 0.0002661161677404058 -0.00039247407349859433 -0.00024425554353132365 0.002297957737460131 0.00018339761255171217 -0.0011160029495611672 6.219854464380093e-5 0.0008040522434636786 -6.347384150176556e-5 -0.0008301462382402776 -0.00031053116746873036 0.0007441913832920765 0.0006863678098027498
-0.0001413166187066626 -0.00014464283079154534 -0.0014374396140602987 0.00010825137835448575 0.0006715535440767313 -8.932499138020287e-5 0.0006503282995110463 0.00037229377813015297 0.000587779930861371 -0.0010419750104633423 0.0029796266675341733 -0.0007641776709492743 -0.005108597609612317 -0.0004608537536029672 0.008139752535611465 -0.0006249242613929741 0.0059917601609327424 0.0005820241549549619 -0.004816146261393013 0.0005215557236017356 0.001455852411704382 0.00011035293461275016 0.0025062503092191045 -4.891287924824544e-6 0.0017014377475043734 -0.0008986355880653458 -0.0029045222656921407 -0.00023274464231064654 0.002234600070872597 -0.0008165689485835436 -0.002221458763209076 -0.00017067720791612265
-9.071972574082193e-5 -0.00010625844134661896 -5.0747061219930576e-6 -0.00010902504735526823 -2.5985351205117417e-5 -0.00015485832446041615 0.0006682134014862467 0.0003029208430166232 -0.001276858099389815 -0.0003926010843725552 -0.0007882916357254938 0.00027351872144487145 0.0004925994916468489 -0.00019932118437864234 -0.0006249242613929741 0.0020473418871329615 0.0014766706450061603 0.0002340606029216156 0.0005967505022798691 0.00011120010022430228 1.661480682551678e-5 0.0006779552602446164 -0.0016265313243737963 0.00021430529315725726 -0.0008618069704344893 -0.00018120838459180906 -0.00035988698906887955 0.0003317759861002529 0.0021714820994072435 0.0005925137490101999 -0.0012915553655175609 -0.00015066639655015953
-0.0017405263410372592 -0.0017522908091729588 -0.002416009043427167 0.0018548689501010807 0.0009392615255794642 -0.0022090355033968145 0.0009861211921423922 0.001560106666361334 -0.002911356633236245 -0.00039163704800572295 -0.003476288090786691 -0.003253408848338717 0.004495999670626531 -0.002332781313170576 0.0059917601609327424 0.0014766706450061603 0.0477672186885284 0.001813663523129086 -0.010261281131136819 -0.0010734782418561997 0.00777068637499796 0.0017608919352069836 -0.013443696587960392 -0.00045703895744123155 0.008856489133545201 -0.0038146606199578057 -0.006073680409806818 0.001158323720579584 0.020377060998278265 -0.0013977996046214494 -0.011774973352978346 -0.005323628909174577
-0.00015339138287395626 -0.00011034590894449595 3.4600955194226023e-5 4.4893066101041875e-5 -6.920096948146456e-5 -0.00018014247103722019 0.00022908942652695506 4.1071078971683795e-7 -0.0004085959959560604 -6.116306028603156e-5 -0.0003619481273605037 0.00017787234644615503 0.0001583005405023051 -4.6103111494768654e-5 0.0005820241549549619 0.0002340606029216156 0.001813663523129086 0.0013732261702202521 -0.0004213974450901668 7.91461122462555e-5 -0.0005862987780010106 0.0002441846277240378 -0.0011043766888179673 9.8818814607313e-5 -0.0009080752785125571 -0.0005049208439423806 0.001236893660334372 -8.651724667392384e-5 0.0011633299634686409 -0.00019978684605591044 -0.0006699022610773955 -0.0010783427518296425
0.00023559817219579514 7.417649541394088e-5 0.0024948545836795907 -0.0002314558608277599 -0.0016816650500997602 0.000439607653103199 0.0011522693397109003 -0.0002884218750085334 -2.9413508228709498e-5 -0.0008753342187741706 -0.006022892473002203 0.0012381600639067014 0.004253274280388065 -0.00032771890100277847 -0.004816146261393013 0.0005967505022798691 -0.010261281131136819 -0.0004213974450901668 0.020799717722405173 2.833685107866683e-5 -3.2775648527960586e-5 0.0007509274407654072 -0.008944562996309706 0.000446083372682571 -0.0009403427237922831 -0.001631064996402401 0.0022961405259011207 -0.002270925545319784 -0.0060113458195172765 -0.0006298938570703887 0.006703400088557694 -0.005182385690744586
0.00011684817891782046 8.757783772526312e-5 1.4144620878757948e-5 -1.8974907406023864e-5 2.953440087143491e-5 8.764222224134955e-5 9.624963028921048e-5 -3.394660208765932e-5 -0.0006883681874097825 -0.0001258788957407549 0.0006327581814545246 -0.000287846493629013 -0.0006497081079441108 0.0002661161677404058 0.0005215557236017356 0.00011120010022430228 -0.0010734782418561997 7.91461122462555e-5 2.833685107866683e-5 0.0026449050619582813 8.452980095776156e-5 -0.00019822348751080432 0.001336124706844427 0.000114631164908781 -0.0003091480246937276 -0.0005387155031999637 -0.0014723936259776382 -0.00011235577571643067 -0.0037668571650872488 0.0002487403644946769 -5.700463937142842e-6 0.002378933662953715
-0.0007217340919208139 -0.0005202600045639646 -0.0010172939166708092 0.0004087864448394111 0.0009754988400926934 0.0001522831127542931 0.0008366657815104181 0.00036127103909659806 -0.00041032808659271743 -0.0005268106160923897 0.0009593015700333062 -0.001276135275995813 0.0007674484202736014 -0.00039247407349859433 0.001455852411704382 1.661480682551678e-5 0.00777068637499796 -0.0005862987780010106 -3.2775648527960586e-5 8.452980095776156e-5 0.012506339503942393 0.000840991984553133 0.005219055223717064 -0.00014537882120623178 0.007539818942135845 -0.0006785379849058984 -0.011026344522544022 -0.0010823285945519019 -0.00035764312605418623 -0.0004242468760312463 -0.00035023216633170526 -0.0006518337373863373
-6.683517764370674e-5 -9.799770451178314e-5 -6.692119877465371e-5 6.909303880769577e-5 -3.662645848595197e-5 -0.0001378894919913752 0.00037823551582881444 -5.330679338857547e-5 -0.0005943695499133155 -9.598367006366266e-5 -0.0006083263842659062 3.4174928091325554e-5 0.0006077593140388333 -0.00024425554353132365 0.00011035293461275016 0.0006779552602446164 0.0017608919352069836 0.0002441846277240378 0.0007509274407654072 -0.00019822348751080432 0.000840991984553133 0.0027507522619896778 -0.000898698638545369 -0.0006769872870562071 0.00017148312403263813 -0.0006777135973941933 0.00022294011249655033 0.0006777436199433493 0.0011673863793526256 -5.605569062755069e-5 -0.0008982471249645107 -0.002817167351731788
-0.00015912948408478223 0.000492280828805284 -0.001965483885183195 -0.0007149760341615205 0.002005804326538614 0.0012275548223345675 -0.0005254310427826946 -0.0005990021056710713 0.001181758634530062 0.000489045285041952 0.010259324617427724 -0.0007285443776000252 -0.00764306252507624 0.002297957737460131 0.0025062503092191045 -0.0016265313243737963 -0.013443696587960392 -0.0011043766888179673 -0.008944562996309706 0.001336124706844427 0.005219055223717064 -0.000898698638545369 0.03318055569327371 0.0006797353409212875 0.0011391608844998791 0.0018643393231836186 -0.009323246898113405 -0.0004200510343051891 -0.011236222722161501 -0.0010221455824440753 0.0015052718456183348 0.004378967094154696
3.0094384025494544e-5 0.00012537143944444523 -5.728703490500611e-5 -0.00017678936708396674 -8.87493580009349e-6 0.00015921447721656238 9.939673587115677e-5 7.007989528264935e-6 -0.00027004429732400926 -0.00016883783355088028 -0.00011131126634288826 -0.00017329562092860968 0.00021665836334976293 0.00018339761255171217 -4.891287924824544e-6 0.00021430529315725726 -0.00045703895744123155 9.8818814607313e-5 0.000446083372682571 0.000114631164908781 -0.00014537882120623178 -0.0006769872870562071 0.0006797353409212875 0.0023476198785933942 0.0001747203855309271 -0.00019589885599819335 -0.0010864381795292577 -0.0009440361769093102 -7.74505363762124e-5 -8.250374538083646e-5 -0.00013443641554223236 0.00125538404879333
-0.00011891008418641215 -0.00051082745892518 -0.0011889451507459787 0.0005482492157865784 0.0005705035192001397 -0.0009045248104079815 -0.0007847121611093462 0.0001412966117553297 -3.5369440461870054e-5 0.00038903065954061354 0.00011361787538823627 -0.0019363150362262038 -0.00044190451303047283 -0.0011160029495611672 0.0017014377475043734 -0.0008618069704344893 0.008856489133545201 -0.0009080752785125571 -0.0009403427237922831 -0.0003091480246937276 0.007539818942135845 0.00017148312403263813 0.0011391608844998791 0.0001747203855309271 0.019732089571198774 0.0016901638661309824 -0.01632402567362618 0.00038348243078893565 0.002690594676118183 0.0019768901744156935 -0.005502781246829005 0.004334885869194623
0.00016653351853249167 -2.816439918701653e-5 -0.0003231088425161875 -0.00028430909375950185 0.00019435390143810458 0.00039139861383163005 -0.0005712458678374231 1.1021386465110461e-5 0.0007472683055228206 0.0001989982407464638 0.0014709349716671698 -0.00014072468110039356 -0.0022933868981408426 6.219854464380093e-5 -0.0008986355880653458 -0.00018120838459180906 -0.0038146606199578057 -0.0005049208439423806 -0.001631064996402401 -0.0005387155031999637 -0.0006785379849058984 -0.0006777135973941933 0.0018643393231836186 -0.00019589885599819335 0.0016901638661309824 0.004424112343012832 -0.0034311082664736634 0.0009683692733436715 -0.0014150292918522803 0.0004225317302426163 0.00038767883832469457 0.004178818307470713
0.0004232503002446081 0.0005929027032740234 0.0024523105556850753 9.206071458290997e-5 -0.0009428083441511537 -5.090222401580763e-5 -0.00018395856240460673 -0.0006365544508584177 0.0007273201476247013 3.9585809972733166e-5 -0.0047415738268736 0.0027170211206679717 0.004195300708086803 0.0008040522434636786 -0.0029045222656921407 -0.00035988698906887955 -0.006073680409806818 0.001236893660334372 0.0022961405259011207 -0.0014723936259776382 -0.011026344522544022 0.00022294011249655033 -0.009323246898113405 -0.0010864381795292577 -0.01632402567362618 -0.0034311082664736634 0.036613994316862276 0.0007222547422699052 -0.0019663309781866433 -0.00043312721823083727 0.00529374812865412 -0.010901377911331216
-9.872659964259728e-5 -0.0003363956185915059 -0.00014619037763819335 0.00012869864458523773 0.0001552643486261066 -6.390233810360876e-5 -1.622111451137845e-5 0.0001098530052976468 -0.0002530555467690563 9.53489538796127e-5 0.0001292654447653392 6.0604638328709326e-5 0.0002286919262906379 -6.347384150176556e-5 -0.00023274464231064654 0.0003317759861002529 0.001158323720579584 -8.651724667392384e-5 -0.002270925545319784 -0.00011235577571643067 -0.0010823285945519019 0.0006777436199433493 -0.0004200510343051891 -0.0009440361769093102 0.00038348243078893565 0.0009683692733436715 0.0007222547422699052 0.0033773416159583037 0.0005854081202769472 0.0010371383628555377 -0.0015106426094659519 7.194304212549012e-5
-0.001044713027997821 -0.0009703990859182014 -0.0012995235445860838 0.0017130454006938688 0.00013485740799313887 -0.001359201826254992 0.0011093799473560321 0.001980992616311169 -0.00026216656389216754 -0.0009387068140693896 -0.0029894193955501734 -0.0015254450837453046 0.002645617541581681 -0.0008301462382402776 0.002234600070872597 0.0021714820994072435 0.020377060998278265 0.0011633299634686409 -0.0060113458195172765 -0.0037668571650872488 -0.00035764312605418623 0.0011673863793526256 -0.011236222722161501 -7.74505363762124e-5 0.002690594676118183 -0.0014150292918522803 -0.0019663309781866433 0.0005854081202769472 0.05006292554569359 -0.00020699343025819988 -0.010812563838635039 0.0004957539354050348
-0.00017676057424456863 -0.00032047013778934265 0.00019459428147861047 -7.779666310012248e-5 -0.00017008032925695002 -0.000249521232233697 -7.169434418866818e-5 5.581835256473275e-5 2.2753060748739346e-6 -9.129861567880776e-5 -0.00048547257248148895 0.00037292383500570715 0.0011508688933255743 -0.00031053116746873036 -0.0008165689485835436 0.0005925137490101999 -0.0013977996046214494 -0.00019978684605591044 -0.0006298938570703887 0.0002487403644946769 -0.0004242468760312463 -5.605569062755069e-5 -0.0010221455824440753 -8.250374538083646e-5 0.0019768901744156935 0.0004225317302426163 -0.00043312721823083727 0.0010371383628555377 -0.00020699343025819988 0.005343831746142119 -0.0016888159662607888 0.002453754165013767
0.0007169937122358352 0.0005926176031005614 0.0011268462081618466 -0.00043552282242721176 -0.0008368023328474009 0.0010850260628111705 -0.0004902238702674793 -0.0009262290856224175 0.0008561123240000251 9.739222865039944e-5 0.0012259987017612891 0.0013564501958919016 0.0005167496027140666 0.0007441913832920765 -0.002221458763209076 -0.0012915553655175609 -0.011774973352978346 -0.0006699022610773955 0.006703400088557694 -5.700463937142842e-6 -0.00035023216633170526 -0.0008982471249645107 0.0015052718456183348 -0.00013443641554223236 -0.005502781246829005 0.00038767883832469457 0.00529374812865412 -0.0015106426094659519 -0.010812563838635039 -0.0016888159662607888 0.02118915143107625 -0.0014561922950594058
0.0004590005457351431 -7.035027994007344e-6 -0.0007424335376370607 -0.000502511731587547 0.00028500960187057505 0.00024715793270550194 -0.0009079957115672299 0.0005006313277352185 0.0011759710471752056 -0.00020706433942416767 0.0018785564385491037 -0.001140031828961845 -0.002442113578628312 0.0006863678098027498 -0.00017067720791612265 -0.00015066639655015953 -0.005323628909174577 -0.0010783427518296425 -0.005182385690744586 0.002378933662953715 -0.0006518337373863373 -0.002817167351731788 0.004378967094154696 0.00125538404879333 0.004334885869194623 0.004178818307470713 -0.010901377911331216 7.194304212549012e-5 0.0004957539354050348 0.002453754165013767 -0.0014561922950594058 0.030243304575026973



Matrice variance covariance 'within groups' 
3.8050937192851286e-6 1.385413876060643e-6 7.387691409547234e-7 -1.9799544092913167e-7 -6.808973926824411e-7 -3.8862496811424766e-7 -7.297108248041609e-7 -2.009937349354712e-6 1.791196038200438e-6 3.532642177082691e-7 8.576817160140054e-7 3.58490840116053e-7 -2.2751103941716528e-6 6.665469640997428e-7 -5.888192446110944e-7 -3.7799885725342464e-7 -7.252193087655246e-6 -6.391307619748179e-7 9.816590508158132e-7 4.868674121575851e-7 -3.007225383003391e-6 -2.784799068487781e-7 -6.630395170199253e-7 1.2539326677289382e-7 -4.954586841100504e-7 6.938896605520487e-7 1.7635429176858672e-6 -4.1136083184415536e-7 -4.3529709499909185e-6 -7.36502392685703e-7 2.9874738009826446e-6 1.91250227389643e-6
1.385413876060643e-6 5.459477301686045e-6 6.784076590207089e-7 -2.1392315863906858e-8 -2.3646558870820248e-7 -1.258735894994673e-7 -1.7562245562172722e-6 -7.352032466634179e-7 -1.5114314939918544e-8 2.473639447314271e-9 7.863454332937718e-7 9.465059318058549e-8 -7.547426202988664e-7 7.517740450770124e-7 -6.026784616314388e-7 -4.427435056109121e-7 -7.30121170488733e-6 -4.597746206020666e-7 3.090687308914201e-7 3.649076571885963e-7 -2.167750019016519e-6 -4.0832376879909666e-7 2.0511701200220165e-6 5.223809976851884e-7 -2.128447745521584e-6 -1.1735166327923526e-7 2.4704279303084314e-6 -1.4016484107979412e-6 -4.043329524659173e-6 -1.3352922407889277e-6 2.4692400129190065e-6 -2.931261664169749e-8
7.387691409547234e-7 6.784076590207089e-7 4.568543236967022e-6 4.82140875432936e-7 -1.2949056759414742e-6 3.0881374101720905e-7 -1.7702290164417192e-9 -8.555266494943078e-7 1.1204654338312627e-7 -1.4716143938461022e-7 -5.706399183178263e-6 1.660424130130613e-6 6.678948232468963e-6 4.5095405744356765e-7 -5.989331725251243e-6 -2.1144608841637803e-8 -1.0066704347613193e-5 1.441706466426085e-7 1.0395227431998294e-5 5.8935920328158166e-8 -4.238724652795039e-6 -2.7883832822772375e-7 -8.189516188263314e-6 -2.386959787708588e-7 -4.953938128108244e-6 -1.346286843817448e-6 1.0217960648687814e-5 -6.091265734924725e-7 -5.414681435775349e-6 8.10809506160877e-7 4.695192534007694e-6 -3.0934730734877522e-6
-1.9799544092913167e-7 -2.1392315863906858e-8 4.82140875432936e-7 4.247199945846467e-6 1.240651403658205e-7 2.0584991026409389e-7 6.338735565719463e-8 1.3118496084201793e-8 3.870553438304345e-7 -1.817773606591636e-7 -1.1577639358319739e-6 -7.082424920593634e-7 2.3374783644362355e-6 -3.907335074631035e-7 4.510474098103573e-7 -4.542710306469511e-7 7.728620625421167e-6 1.8705444208767447e-7 -9.643994201156654e-7 -7.90621141917661e-8 1.7032768534975464e-6 2.8788766169873236e-7 -2.979066809006335e-6 -7.366223628498614e-7 2.284371732444077e-6 -1.1846212239979243e-6 3.8358631076212485e-7 5.362443524384906e-7 7.137689169557787e-6 -3.241527629171769e-7 -1.8146784267800494e-6 -2.0937988816147806e-6
-6.808973926824411e-7 -2.3646558870820248e-7 -1.2949056759414742e-6 1.240651403658205e-7 3.0644459296188972e-6 7.725470261591484e-7 -2.839396198421259e-10 5.871551795975988e-7 -7.035740385484846e-7 -3.251982994063666e-7 3.4022967308172634e-6 -8.992514326215774e-7 -3.3952457520210764e-6 1.5856111550171938e-7 2.7981397669863804e-6 -1.0827229668798923e-7 3.913589689914433e-6 -2.883373728394357e-7 -7.0069377087490005e-6 1.2306000363097877e-7 4.064578500386223e-6 -1.5261024369146653e-7 8.357518027244225e-6 -3.6978899167056206e-8 2.3770979966672494e-6 8.098079226587691e-7 -3.928368100629808e-6 6.469347859421107e-7 5.619058666380787e-7 -7.086680385706251e-7 -3.486676386864171e-6 1.1875400077940627e-6
-3.8862496811424766e-7 -1.258735894994673e-7 3.0881374101720905e-7 2.0584991026409389e-7 7.725470261591484e-7 4.512185292429529e-6 -6.183694125481165e-8 3.684433517873775e-7 -2.4273514175957112e-8 -4.6280545412101906e-7 2.4383924918077435e-6 1.002003172487607e-6 -2.051979196438362e-6 7.748696731773226e-7 -3.721874640841784e-7 -6.452430185850677e-7 -9.204314597486727e-6 -7.505936293217508e-7 1.8316985545966627e-6 3.65175926005623e-7 6.345129698095547e-7 -5.745395499640631e-7 5.114811759727364e-6 6.633936550690099e-7 -3.7688533766999227e-6 1.630827557631792e-6 -2.1209260006586496e-7 -2.662597420983701e-7 -5.663340942729133e-6 -1.0396718009737376e-6 4.520941928379877e-6 1.029824719606259e-6
-7.297108248041609e-7 -1.7562245562172722e-6 -1.7702290164417192e-9 6.338735565719463e-8 -2.839396198421259e-10 -6.183694125481165e-8 8.051725222822765e-6 1.7138464626174893e-6 2.1956689144761578e-7 -4.723432146830649e-6 -1.8651153076469567e-6 8.746447436370182e-8 1.74687601706472e-6 -6.027104329358472e-8 2.709701247962693e-6 2.784222506192695e-6 4.108838300593299e-6 9.54539277195646e-7 4.801122248795419e-6 4.0104012620504373e-7 3.4861074229600754e-6 1.5759813159533935e-6 -2.1892960115945608e-6 4.1415306612981986e-7 -3.2696340046222754e-6 -2.3801911159892626e-6 -7.664940100191943e-7 -6.758797713074342e-8 4.6224164473168005e-6 -2.987264341194508e-7 -2.0425994594478305e-6 -3.7833154648634582e-6
-2.009937349354712e-6 -7.352032466634179e-7 -8.555266494943078e-7 1.3118496084201793e-8 5.871551795975988e-7 3.684433517873775e-7 1.7138464626174893e-6 5.8734671099066156e-6 -3.004081426831799e-6 -1.870687844959247e-6 -8.807036544303584e-8 -6.192032347266071e-7 8.031775934199349e-7 -2.6119298129685496e-7 1.5512240755423044e-6 1.2621701792359295e-6 6.500444443172223e-6 1.711294957153601e-9 -1.2017578125355556e-6 -1.4144417536524728e-7 1.5052959962358253e-6 -2.2211163911906452e-7 -2.495842106962798e-6 2.9199956367770505e-8 5.887358823138741e-7 4.592244360462687e-8 -2.6523102119100737e-6 4.577208554068615e-7 8.254135901296538e-6 2.3257646901971986e-7 -3.859287856760073e-6 2.08596386556341e-6
1.791196038200438e-6 -1.5114314939918544e-8 1.1204654338312627e-7 3.870553438304345e-7 -7.035740385484846e-7 -2.4273514175957112e-8 2.1956689144761578e-7 -3.004081426831799e-6 1.6096380806041637e-5 -1.3880983755074102e-6 2.28678156866289e-6 -5.357983018279679e-7 -1.4208323531908759e-6 -5.2730512027119885e-8 2.4490830452557127e-6 -5.320242080790897e-6 -1.2130652638484351e-5 -1.702483316483585e-6 -1.2255628428628965e-7 -2.8682007808740937e-6 -1.7097003608029897e-6 -2.476539791305481e-6 4.923994310541926e-6 -1.1251845721833718e-6 -1.4737266859112544e-7 3.1136179396784193e-6 3.0305006151029215e-6 -1.0543981115377353e-6 -1.092360682884031e-6 9.480441978641507e-9 3.5671346833334377e-6 4.8998793632300254e-6
3.532642177082691e-7 2.473639447314271e-9 -1.4716143938461022e-7 -1.817773606591636e-7 -3.251982994063666e-7 -4.6280545412101906e-7 -4.723432146830649e-6 -1.870687844959247e-6 -1.3880983755074102e-6 7.175508866859798e-6 7.374115172126717e-7 2.4737218649624893e-7 2.394306253384563e-8 4.116705544646884e-7 -4.3415625435972584e-6 -1.6358378515523132e-6 -1.6318210333571785e-6 -2.5484608452513154e-7 -3.6472259115590444e-6 -5.244953989198122e-7 -2.1950442337182907e-6 -3.999319585985944e-7 2.0376886876748004e-6 -7.034909731286678e-7 1.6209610814192233e-6 8.291593364435992e-7 1.649408748863875e-7 3.972873078317196e-7 -3.9112783919557905e-6 -3.804108986616991e-7 4.0580095270999753e-7 -8.627680809340323e-7
8.576817160140054e-7 7.863454332937718e-7 -5.706399183178263e-6 -1.1577639358319739e-6 3.4022967308172634e-6 2.4383924918077435e-6 -1.8651153076469567e-6 -8.807036544303584e-8 2.28678156866289e-6 7.374115172126717e-7 2.871724582999317e-5 -1.0028355327221552e-6 -2.80941827678397e-5 2.179507135418606e-6 1.2415111114725721e-5 -3.2845484821895566e-6 -1.4484533711611214e-5 -1.508117197335432e-6 -2.5095385304175843e-5 2.6364924227271857e-6 3.997089875138776e-6 -2.534693267774609e-6 4.274718590594885e-5 -4.6379694309536795e-7 4.7340781411765024e-7 6.128895715279874e-6 -1.975655761197333e-5 5.386060198555802e-7 -1.2455914148125726e-5 -2.022802385339538e-6 5.108327924005374e-6 7.827318493954598e-6
3.58490840116053e-7 9.465059318058549e-8 1.660424130130613e-6 -7.082424920593634e-7 -8.992514326215774e-7 1.002003172487607e-6 8.746447436370182e-8 -6.192032347266071e-7 -5.357983018279679e-7 2.4737218649624893e-7 -1.0028355327221552e-6 7.689733807956157e-6 2.051615166205542e-7 -2.3848353547581977e-7 -3.184073628955309e-6 1.139661339353631e-6 -1.3555870201411317e-5 7.411347768589792e-7 5.159000266277923e-6 -1.199360390120888e-6 -5.31723031664922e-6 1.4239553371385658e-7 -3.03560157333344e-6 -7.220650872025404e-7 -8.06797931760918e-6 -5.863528379183068e-7 1.132092133611655e-5 2.5251932636962223e-7 -6.356021182272101e-6 1.5538493125237798e-6 5.651875816216256e-6 -4.750132620674356e-6
-2.2751103941716528e-6 -7.547426202988664e-7 6.678948232468963e-6 2.3374783644362355e-6 -3.3952457520210764e-6 -2.051979196438362e-6 1.74687601706472e-6 8.031775934199349e-7 -1.4208323531908759e-6 2.394306253384563e-8 -2.80941827678397e-5 2.051615166205542e-7 7.050539741388562e-5 -2.9277392470422666e-6 -2.1285823373384654e-5 2.05249788186187e-6 1.873333196094388e-5 6.595855854262713e-7 1.7721976168283602e-5 -2.707117116433795e-6 3.197701751140005e-6 2.5323304751618057e-6 -3.184609385448433e-5 9.027431806240122e-7 -1.8412688042936352e-6 -9.555778742253512e-6 1.748041961702834e-5 9.528830262109913e-7 1.1023406423257007e-5 4.7952870555232265e-6 2.1531233446419444e-6 -1.0175473244284638e-5
6.665469640997428e-7 7.517740450770124e-7 4.5095405744356765e-7 -3.907335074631035e-7 1.5856111550171938e-7 7.748696731773226e-7 -6.027104329358472e-8 -2.6119298129685496e-7 -5.2730512027119885e-8 4.116705544646884e-7 2.179507135418606e-6 -2.3848353547581977e-7 -2.9277392470422666e-6 7.2733364392979295e-6 -1.9202239733456956e-6 -8.305049349110097e-7 -9.719922138210734e-6 -1.9209629789486934e-7 -1.3654954208449103e-6 1.1088173655850241e-6 -1.6353086395774763e-6 -1.0177314313805151e-6 9.574823906083878e-6 7.641567189654674e-7 -4.650012289838196e-6 2.5916060268250374e-7 3.3502176810986613e-6 -2.644743395906902e-7 -3.45894265933449e-6 -1.2938798644530436e-6 3.100797430383652e-6 2.8598658741781247e-6
-5.888192446110944e-7 -6.026784616314388e-7 -5.989331725251243e-6 4.510474098103573e-7 2.7981397669863804e-6 -3.721874640841784e-7 2.709701247962693e-6 1.5512240755423044e-6 2.4490830452557127e-6 -4.3415625435972584e-6 1.2415111114725721e-5 -3.184073628955309e-6 -2.1285823373384654e-5 -1.9202239733456956e-6 3.391563556504777e-5 -2.6038510891373914e-6 2.4965667337219768e-5 2.4251006456456746e-6 -2.0067276089137557e-5 2.173148848340565e-6 6.066051715434925e-6 4.5980389421979236e-7 1.0442709621746268e-5 -2.03803663534356e-8 7.089323947934889e-6 -3.744314950272274e-6 -1.2102176107050584e-5 -9.697693429610275e-7 9.310833628635821e-6 -3.4023706190980983e-6 -9.256078180037821e-6 -7.111550329838441e-7
-3.7799885725342464e-7 -4.427435056109121e-7 -2.1144608841637803e-8 -4.542710306469511e-7 -1.0827229668798923e-7 -6.452430185850677e-7 2.784222506192695e-6 1.2621701792359295e-6 -5.320242080790897e-6 -1.6358378515523132e-6 -3.2845484821895566e-6 1.139661339353631e-6 2.05249788186187e-6 -8.305049349110097e-7 -2.6038510891373914e-6 8.53059119638734e-6 6.1527943541923335e-6 9.75252512173398e-7 2.4864604261661227e-6 4.633337509345926e-7 6.922836177298693e-8 2.8248135843525683e-6 -6.7772138515574845e-6 8.929387214885719e-7 -3.590862376810374e-6 -7.550349357992045e-7 -1.4995291211203317e-6 1.3823999420843874e-6 9.047842080863515e-6 2.4688072875425007e-6 -5.381480689656502e-6 -6.277766522923319e-7
-7.252193087655246e-6 -7.30121170488733e-6 -1.0066704347613193e-5 7.728620625421167e-6 3.913589689914433e-6 -9.204314597486727e-6 4.108838300593299e-6 6.500444443172223e-6 -1.2130652638484351e-5 -1.6318210333571785e-6 -1.4484533711611214e-5 -1.3555870201411317e-5 1.873333196094388e-5 -9.719922138210734e-6 2.4965667337219768e-5 6.1527943541923335e-6 0.0001990300778688683 7.556931346371194e-6 -4.2755338046403403e-5 -4.472826007734165e-6 3.237785989582483e-5 7.337049730029098e-6 -5.601540244983495e-5 -1.9043289893384665e-6 3.6902038056438345e-5 -1.5894419249824186e-5 -2.530700170752841e-5 4.826348835748269e-6 8.490442082615944e-5 -5.8241650192560355e-6 -4.90623889707431e-5 -2.2181787121560754e-5
-6.391307619748179e-7 -4.597746206020666e-7 1.441706466426085e-7 1.8705444208767447e-7 -2.883373728394357e-7 -7.505936293217508e-7 9.54539277195646e-7 1.711294957153601e-9 -1.702483316483585e-6 -2.5484608452513154e-7 -1.508117197335432e-6 7.411347768589792e-7 6.595855854262713e-7 -1.9209629789486934e-7 2.4251006456456746e-6 9.75252512173398e-7 7.556931346371194e-6 5.72177570925105e-6 -1.755822687875695e-6 3.2977546769273134e-7 -2.4429115750042107e-6 1.0174359488501574e-6 -4.6015695367415305e-6 4.117450608638042e-7 -3.7836469938023212e-6 -2.1038368497599192e-6 5.15372358472655e-6 -3.60488527808016e-7 4.847208181119336e-6 -8.324451918996268e-7 -2.791259421155815e-6 -4.493094799290177e-6
9.816590508158132e-7 3.090687308914201e-7 1.0395227431998294e-5 -9.643994201156654e-7 -7.0069377087490005e-6 1.8316985545966627e-6 4.801122248795419e-6 -1.2017578125355556e-6 -1.2255628428628965e-7 -3.6472259115590444e-6 -2.5095385304175843e-5 5.159000266277923e-6 1.7721976168283602e-5 -1.3654954208449103e-6 -2.0067276089137557e-5 2.4864604261661227e-6 -4.2755338046403403e-5 -1.755822687875695e-6 8.666549051002155e-5 1.1807021282777868e-7 -1.3656520219983487e-7 3.12886433652253e-6 -3.726901248462377e-5 1.858680719510713e-6 -3.918094682467845e-6 -6.7961041516766704e-6 9.567252191254674e-6 -9.462189772165769e-6 -2.5047274247988654e-5 -2.624557737793286e-6 2.7930833702323732e-5 -2.1593273711435768e-5
4.868674121575851e-7 3.649076571885963e-7 5.8935920328158166e-8 -7.90621141917661e-8 1.2306000363097877e-7 3.65175926005623e-7 4.0104012620504373e-7 -1.4144417536524728e-7 -2.8682007808740937e-6 -5.244953989198122e-7 2.6364924227271857e-6 -1.199360390120888e-6 -2.707117116433795e-6 1.1088173655850241e-6 2.173148848340565e-6 4.633337509345926e-7 -4.472826007734165e-6 3.2977546769273134e-7 1.1807021282777868e-7 1.1020437758159506e-5 3.522075039906736e-7 -8.259311979616848e-7 5.5671862785184445e-6 4.776298537865876e-7 -1.2881167695571983e-6 -2.244647929999849e-6 -6.134973441573492e-6 -4.681490654851276e-7 -1.5695238187863535e-5 1.0364181853944871e-6 -2.375193307142778e-8 9.91222359564048e-6
-3.007225383003391e-6 -2.167750019016519e-6 -4.238724652795039e-6 1.7032768534975464e-6 4.064578500386223e-6 6.345129698095547e-7 3.4861074229600754e-6 1.5052959962358253e-6 -1.7097003608029897e-6 -2.1950442337182907e-6 3.997089875138776e-6 -5.31723031664922e-6 3.197701751140005e-6 -1.6353086395774763e-6 6.066051715434925e-6 6.922836177298693e-8 3.237785989582483e-5 -2.4429115750042107e-6 -1.3656520219983487e-7 3.522075039906736e-7 5.2109747933093306e-5 3.504133268971387e-6 2.1746063432154435e-5 -6.05745088359299e-7 3.141591225889935e-5 -2.8272416037745765e-6 -4.594310217726676e-5 -4.509702477299591e-6 -1.4901796918924444e-6 -1.7676953167968591e-6 -1.4593006930487718e-6 -2.7159739057764078e-6
-2.784799068487781e-7 -4.0832376879909666e-7 -2.7883832822772375e-7 2.8788766169873236e-7 -1.5261024369146653e-7 -5.745395499640631e-7 1.5759813159533935e-6 -2.2211163911906452e-7 -2.476539791305481e-6 -3.999319585985944e-7 -2.534693267774609e-6 1.4239553371385658e-7 2.5323304751618057e-6 -1.0177314313805151e-6 4.5980389421979236e-7 2.8248135843525683e-6 7.337049730029098e-6 1.0174359488501574e-6 3.12886433652253e-6 -8.259311979616848e-7 3.504133268971387e-6 1.1461467758290324e-5 -3.744577660605704e-6 -2.820780362734196e-6 7.14513016802659e-7 -2.8238066558091385e-6 9.28917135402293e-7 2.8239317497639556e-6 4.864109913969273e-6 -2.3356537761479454e-7 -3.742696354018795e-6 -1.1738197298882447e-5
