
Fichier : C:/Users/virgc/GitHub/wingproj/Gomez analysis plan/PAD analysis/2017_09_06 Field 18 landmarks scaled_PW.txt

Archivo	C:/Users/virgc/GitHub/wingproj/Gomez analysis plan/PAD analysis/2017_09_06 Field 18 landmarks scaled_PW.txt
Comentario
SAMPLE INFO: C:/Users/vmc04/Documents/GitHub/wingproj/Gomez analysis plan/2017_09_06 Field 18 landmarks scaled - {partial warps scores - U1 y U2 en las dos ultimas columnas} - Field 18 landmarks for analysis- 17 50 47 45 54 17 11 or 67-92-71-11 or 159-71-11



Datos son:	Partial Warps (PW)
----------------- - - - - - - - - - - -----------------

Datos, en parte:
0.0003536879862514517 -0.00093442735223163941 -0.001172147951551517
0.0018694209667981653 0.0018709444475340305 0.00041380910397264875
1.7080599265364354e-05 0.00012891099668654315 -0.00049548101668615819
0.001188701858613159 0.0010278881872573991 -0.0013302691307165767
...

241	Nombre total d'individus
32	Nombre de variables

Hay 7 grupos: 17 50 47 45 54 17 11
partZ 
2 17 32 0.0006183330780987556
544
preplisteW
2 17 32 0.0006183330780987556
544
partZ 
2 50 32 0.0031246026088188016
1600
preplisteW
2 50 32 0.0031246026088188016
1600
partZ 
2 47 32 0.0021563860343787144
1504
preplisteW
2 47 32 0.0021563860343787144
1504
partZ 
2 45 32 -0.0021805688214169205
1440
preplisteW
2 45 32 -0.0021805688214169205
1440
partZ 
2 54 32 -0.0005643580393551713
1728
preplisteW
2 54 32 -0.0005643580393551713
1728
partZ 
2 17 32 0.00018234222072957356
544
preplisteW
2 17 32 0.00018234222072957356
544
partZ 
2 11 32 -0.0004988511954702173
352
preplisteW
2 11 32 -0.0004988511954702173
352
listeW
2 241 32 0.0006183330780987556
7712

---------------------------
Matrice variance covariance 'within groups' NON corrigee 
0.0008600675850649208 0.0002834334245945904 0.00014442882616610487 1.233651205639079e-5 -0.00017822444123776732 -0.00016179867898392697 -0.00011345554182555124 -0.0004147251553729666 0.000367940630319986 4.5171159151833664e-5 -1.079823355565223e-5 4.651997081661097e-5 -0.0002912231042508279 6.96673715526845e-5 -3.6408020768999375e-5 5.151380045383424e-6 -0.0006567386058401865 -9.545252577270023e-5 0.00010718162309600585 7.478191615368628e-5 -0.0005878313343495689 -1.02393701367441e-5 -0.0006939852451904059 1.6167157558053704e-5 -1.3103976087512665e-5 -1.1795570290334286e-6 0.0004770685144406895 -9.233090216292727e-5 -0.0002865434281365218 -0.00015225532467815164 0.0002470007346782032 0.00021522465262547802
0.0002834334245945904 0.001245971534549994 0.00010482810554715364 4.2139196853239124e-5 -6.426187786457522e-5 -0.00011608332343966734 -0.00033663098998666885 -0.00011356378951223677 -6.897698080012947e-5 -4.371642350153277e-5 5.038568336399937e-7 3.977704933969905e-6 7.491787010594091e-6 8.070915226087362e-5 5.887667710792579e-6 5.2954715584290145e-6 -0.0005718697782252496 -5.33722941866317e-5 -0.00013085821780936242 9.383981256144606e-6 -0.0004037584011741566 -2.0042161664300526e-5 -5.267224020916654e-5 9.21446661361341e-5 -0.0003931809102162786 -0.00019436171038256797 0.0007370652629014382 -0.000307306871854077 -0.00013877164902122938 -0.0002475964031403668 0.00012436922165091256 -0.0003625627379011683
0.00014442882616610487 0.00010482810554715364 0.0010178319560878134 0.00015174518921994102 -0.00029994124022157545 -3.3448342873169298e-6 7.313027774697833e-5 -0.00016139247901342582 -1.7890705124036708e-5 -7.617950529301018e-5 -0.0014890738813778488 0.00038891228112534825 0.0016872400305014536 2.184490618684811e-5 -0.0012783188919740923 8.743961053350763e-5 -0.001449888798439646 7.901342320606946e-5 0.002280617778654316 -7.642945636706554e-5 -0.0008421786829586262 6.754591957459088e-6 -0.0023259719994523646 -9.261392746098936e-5 -0.0008824094231200968 -0.0004161882627233161 0.0023905080419527698 -0.0001245211405158645 -0.0005256369577574709 0.0002778245086597978 0.0006401164110951214 -0.001026179823335258
1.233651205639079e-5 4.2139196853239124e-5 0.00015174518921994102 0.0009411612176261025 4.153271799540249e-5 0.00011629948170763669 -3.969750666240918e-5 -6.743049854637805e-5 0.00015618409520007752 -1.2641454598357318e-6 -3.263474133791411e-5 -0.00012145862268918141 0.0002657053387092873 1.1031072457162625e-5 8.350310321578965e-6 -0.00021200201051007638 0.0007210971018590203 -2.0363144543029555e-5 -0.0001416270879785842 3.079424204090234e-5 0.00018414403936971893 8.328530266631046e-6 -0.00017511808761637063 -0.0001704602041615152 0.00028997498225734406 -0.00012307446511178717 0.00021247661653168483 0.00013497318964396715 0.0008375352434057176 -9.39532839985082e-5 0.00018451981293413896 -0.000258586191981376
-0.00017822444123776732 -6.426187786457522e-5 -0.00029994124022157545 4.153271799540249e-5 0.0007217238276008811 0.0001732047709206959 1.1038510969558848e-5 0.00016414851979503763 -0.00018665312068482601 -8.517084710095213e-5 0.0007495156066289037 -0.00023437361864192945 -0.0007185714170204917 2.7502022787524108e-5 0.0006779832455629125 -1.0756888318650584e-5 0.001188855949359641 -5.583213329008575e-5 -0.00170437501783506 4.76256888730043e-5 0.0009432827936460574 -3.6061122522794826e-5 0.0018334510533480723 -7.1543942994206775e-6 0.00044419512456626397 0.0001287896224045258 -0.0008122543661885486 0.00015444415178821167 0.00022511116682505803 -0.00018731717767707438 -0.0008506229249594874 0.00027422016999620926
-0.00016179867898392697 -0.00011608332343966734 -3.3448342873169298e-6 0.00011629948170763669 0.0001732047709206959 0.0009638327775034338 9.686644319802874e-5 0.00018721156712173725 -9.451712549893002e-5 -0.0001754037392940554 0.0003105814508884722 0.0001923000352467508 -0.0002063974296019994 5.9689487862920266e-5 0.00012071821078479819 -1.2295646630729314e-5 -0.0005397802122978183 -9.987568132332834e-5 0.00012893872999263746 1.09747724372116e-5 0.00031041029818105396 -4.640348833039162e-5 0.00045718301246788204 0.00011893143341571718 -0.0007586876127386294 0.00015302348813243892 0.00011141962620160458 -3.975407226959966e-5 -0.00022954680204985268 -0.00018049629713326975 0.00045437631329348516 -0.00011612591097556562
-0.00011345554182555124 -0.00033663098998666885 7.313027774697833e-5 -3.969750666240918e-5 1.1038510969558848e-5 9.686644319802874e-5 0.0018182716733375324 0.00033383743715546127 0.00013815519356715245 -0.0010781380241037736 -0.00021531381682573478 3.5707028327947575e-5 0.0001919700909145574 0.00011358902293833454 0.00045538309207106113 0.0005220552849816569 -0.0005199658698742831 0.00015785277972795548 0.0014210956271030082 0.00020364895495588145 0.000719157609877112 0.00027377461092858605 0.0001804705059660777 0.00014649777681510098 -0.000880370569245191 -0.00035344478219197917 -0.0004511060924019741 -6.341058054076684e-5 6.660273240363398e-5 -0.00017786030339524036 6.749889511687569e-5 -0.0004058205321194432
-0.0004147251553729666 -0.00011356378951223677 -0.00016139247901342582 -6.743049854637805e-5 0.00016414851979503763 0.00018721156712173725 0.00033383743715546127 0.0012903168695890437 -0.000643092814610117 -0.00038752079047738307 0.0002819494309070471 -4.606818914511895e-5 -0.00017162144620743995 2.1468299884625574e-5 0.0002089741758935766 0.00020603873829639916 1.0242742858208684e-5 -7.672036297484056e-5 2.8192812025811896e-6 -5.583228129083618e-5 0.00023893740373484316 -8.884216570505629e-5 0.00015629051216956022 2.0233491346153486e-5 0.00011078972802831609 0.00025877945226991845 -0.0007148539942129939 0.00013211746367206565 0.001059455573055937 9.005326046743419e-5 -0.00041853399238164204 0.0005069565965518569
0.000367940630319986 -6.897698080012947e-5 -1.7890705124036708e-5 0.00015618409520007752 -0.00018665312068482601 -9.451712549893002e-5 0.00013815519356715245 -0.000643092814610117 0.0037857977551025044 -0.0003808862460159308 0.00030278510191413335 -0.00016263929541259053 -6.328815604347943e-5 -0.00012358966396191625 0.0007276894791693988 -0.0011545799285301384 -0.0015846821222531323 -0.0003406856195293691 -0.0002108378136391598 -0.0007537708661858941 -0.00028679659580804686 -0.0005169490007164459 0.0005246817018966842 -0.00029599804049621647 3.575284304515435e-5 0.0005395714641144066 0.0008995595173360134 -0.00023022055836411642 0.0006453318693923278 5.5341960545455415e-5 0.00033502976094665566 0.0008123254317531997
4.5171159151833664e-5 -4.371642350153277e-5 -7.617950529301018e-5 -1.2641454598357318e-6 -8.517084710095213e-5 -0.0001754037392940554 -0.0010781380241037736 -0.00038752079047738307 -0.0003808862460159308 0.0016847159992438836 1.0935984628289422e-5 1.7727789895582992e-5 0.00018819957438774207 3.294527429323809e-5 -0.0009287598528628007 -0.00031994327556961617 0.0005505684052050638 -1.4623273001574904e-5 -0.0010483014647473734 -0.00015105328646077717 -0.0004187394001711968 -5.470718675066646e-5 5.7931559113992895e-5 -0.0001852041070001606 0.0004973613015385167 6.561300878517265e-5 6.1002884985751236e-5 9.569744706708751e-5 -0.00030563107990430057 -7.485273090881536e-5 -0.000275484720798659 -0.0003304729981292367
-1.079823355565223e-5 5.038568336399937e-7 -0.0014890738813778488 -3.263474133791411e-5 0.0007495156066289037 0.0003105814508884722 -0.00021531381682573478 0.0002819494309070471 0.00030278510191413335 1.0935984628289422e-5 0.005978849044312264 -0.00045716864711377607 -0.005641713312625868 0.00019041983009844419 0.0033989314652547774 -0.0004330946543703584 0.0009699248563108953 -0.00012495576639620366 -0.006597691814781767 0.0005482732535505586 0.0014778556735354697 -0.00042417049250294167 0.00805394746115858 -0.00015113629723447294 0.0004626427710856418 0.0007684142418177291 -0.004592721349285774 0.00011411549632881548 -1.0401923619224814e-5 -0.0004721903648025637 -0.000604189830875154 0.0012243628757084104
4.651997081661097e-5 3.977704933969905e-6 0.00038891228112534825 -0.00012145862268918141 -0.00023437361864192945 0.0001923000352467508 3.5707028327947575e-5 -4.606818914511895e-5 -0.00016263929541259053 1.7727789895582992e-5 -0.00045716864711377607 0.0017119726764362596 0.0003437959554296291 -6.355636419182198e-5 -0.0006838309625823954 0.0002829476048031155 -0.0023390805747553075 0.00022453312873263242 0.0010221152761905011 -0.00016642633480913529 -0.0011959303322090168 -5.1785193177421535e-6 -0.0011717095019665776 -0.0001554833146689099 -0.0019386452625721408 -0.00029502973138755494 0.0025696695163440015 -1.2340403906925401e-5 -0.0011033227517497283 0.00023766927553166243 0.0011122633364557338 -0.0006919055228244813
-0.0002912231042508279 7.491787010594091e-6 0.0016872400305014536 0.0002657053387092873 -0.0007185714170204917 -0.0002063974296019994 0.0001919700909145574 -0.00017162144620743995 -6.328815604347943e-5 0.00018819957438774207 -0.005641713312625868 0.0003437959554296291 0.015531834171029222 -0.0003517816781090185 -0.005509231805480063 0.00012165351453095782 -0.0004532624032252047 -0.00011359637941473548 0.004811385710365319 -0.0006434090799313197 0.00021053350954201898 0.0004465865656647043 -0.0050941635623940554 0.00022847260799875368 -0.0006816832796796499 -0.0014634118255565517 0.004063789367628114 0.0002871387848936666 -0.0005609812120203073 0.001238112068792644 0.002510741729196113 -0.001955684260074842
6.96673715526845e-5 8.070915226087362e-5 2.184490618684811e-5 1.1031072457162625e-5 2.7502022787524108e-5 5.9689487862920266e-5 0.00011358902293833454 2.1468299884625574e-5 -0.00012358966396191625 3.294527429323809e-5 0.00019041983009844419 -6.355636419182198e-5 -0.0003517816781090185 0.0015451889471491363 -0.0002565398689577738 7.872655396503207e-6 -0.00048074508536465434 5.3742048684597635e-5 -0.0005037296783798231 8.429499136125072e-5 -7.890902136237769e-5 -8.98387250688602e-5 0.0014357053279915198 0.0001387574727299707 -0.0007232463271755793 -0.00018764869473368454 0.0008647594140601446 -1.020220827819549e-5 0.000666929144727358 -0.0001640762920344188 -0.00023720775566800584 -0.0001088248750247202
-3.6408020768999375e-5 5.887667710792579e-6 -0.0012783188919740923 8.350310321578965e-6 0.0006779832455629125 0.00012071821078479819 0.00045538309207106113 0.0002089741758935766 0.0007276894791693988 -0.0009287598528628007 0.0033989314652547774 -0.0006838309625823954 -0.005509231805480063 -0.0002565398689577738 0.007744138381139479 -0.0008578372793719943 0.0031791161278523906 0.00045219390986285865 -0.004207187363667465 0.000658874478296103 0.0011662981717062897 -4.44496834920231e-5 0.0037299729440604303 7.363153297010522e-5 0.0013470968048112885 -0.0005299202897089073 -0.003091647721853872 -0.0002721137382437586 0.0003106732810434187 -0.000947843681008557 -0.0011512361063919414 0.0003789904495213851
5.151380045383424e-6 5.2954715584290145e-6 8.743961053350763e-5 -0.00021200201051007638 -1.0756888318650584e-5 -1.2295646630729314e-5 0.0005220552849816569 0.00020603873829639916 -0.0011545799285301384 -0.00031994327556961617 -0.0004330946543703584 0.0002829476048031155 0.00012165351453095782 7.872655396503207e-6 -0.0008578372793719943 0.001826563295510712 -0.0005689775574434041 0.0001277281353457624 0.0008360854632869551 0.00029434698283932015 -0.0002581631135976818 0.0005158672616367787 -0.0006586333893269124 0.0002678478927481703 -0.0011677138533010259 0.00010745821638863607 -0.000554985688712297 0.00026886094228802305 0.0006029570178672382 0.0004359638196086882 -0.0003246232682022088 0.0006827667781605117
-0.0006567386058401865 -0.0005718697782252496 -0.001449888798439646 0.0007210971018590203 0.001188855949359641 -0.0005397802122978183 -0.0005199658698742831 1.0242742858208684e-5 -0.0015846821222531323 0.0005505684052050638 0.0009699248563108953 -0.0023390805747553075 -0.0004532624032252047 -0.00048074508536465434 0.0031791161278523906 -0.0005689775574434041 0.023092543303659313 0.0005777451490101615 -0.006188353088198203 -0.00020962760468754916 0.005192541755323248 0.0005449744471041499 -0.001757146317100458 -9.053695772452212e-6 0.006712679135012276 -0.00015945094641982673 -0.007758439959113537 0.0009850938839126929 0.003732561036350832 -0.0020366751939141195 -0.0021012980233582443 -0.0007196243213595199
-9.545252577270023e-5 -5.33722941866317e-5 7.901342320606946e-5 -2.0363144543029555e-5 -5.583213329008575e-5 -9.987568132332834e-5 0.00015785277972795548 -7.672036297484056e-5 -0.0003406856195293691 -1.4623273001574904e-5 -0.00012495576639620366 0.00022453312873263242 -0.00011359637941473548 5.3742048684597635e-5 0.00045219390986285865 0.0001277281353457624 0.0005777451490101615 0.0013084782365194716 -0.00025236072414618516 0.00012661977955803413 -0.0007456693292534839 0.00018092080681422282 -0.000513617069012764 0.00011674668155488554 -0.0010569835005131113 -0.0003219782177684751 0.001203446202165677 -9.1944300800316e-5 0.0002958708706173926 -0.00022871796059472594 -0.00013245578652789313 -0.0008272596316225232
0.00010718162309600585 -0.00013085821780936242 0.002280617778654316 -0.0001416270879785842 -0.00170437501783506 0.00012893872999263746 0.0014210956271030082 2.8192812025811896e-6 -0.0002108378136391598 -0.0010483014647473734 -0.006597691814781767 0.0010221152761905011 0.004811385710365319 -0.0005037296783798231 -0.004207187363667465 0.0008360854632869551 -0.006188353088198203 -0.00025236072414618516 0.01961814157960949 3.494519358255035e-5 9.694742778808504e-5 0.0008645855475162596 -0.010738563758907452 0.0003390964553847862 -0.0009484564355897486 -0.0022114753557478627 0.00283984442270225 -0.0022701158985482337 -0.003734038611630756 -0.0005948583172941464 0.0057285500124323934 -0.005192843971704506
7.478191615368628e-5 9.383981256144606e-6 -7.642945636706554e-5 3.079424204090234e-5 4.76256888730043e-5 1.09747724372116e-5 0.00020364895495588145 -5.583228129083618e-5 -0.0007537708661858941 -0.00015105328646077717 0.0005482732535505586 -0.00016642633480913529 -0.0006434090799313197 8.429499136125072e-5 0.000658874478296103 0.00029434698283932015 -0.00020962760468754916 0.00012661977955803413 3.494519358255035e-5 0.0023482387618281213 0.0003481480084952176 -1.3166290193094634e-5 0.0010038788104084365 5.160917324227179e-5 0.0001849875947944258 -0.0005997542193051094 -0.0013897555587376457 3.176774783393266e-6 -0.002718646802725847 0.0005240602265863636 -0.0007478668068462451 0.0012355042613620287
-0.0005878313343495689 -0.0004037584011741566 -0.0008421786829586262 0.00018414403936971893 0.0009432827936460574 0.00031041029818105396 0.000719157609877112 0.00023893740373484316 -0.00028679659580804686 -0.0004187394001711968 0.0014778556735354697 -0.0011959303322090168 0.00021053350954201898 -7.890902136237769e-5 0.0011662981717062897 -0.0002581631135976818 0.005192541755323248 -0.0007456693292534839 9.694742778808504e-5 0.0003481480084952176 0.011488618617690079 0.0006374839995508315 0.006162160946073183 -0.00012634689245613474 0.005870879352828024 -0.0004762200352732317 -0.009763032981987448 -0.001049448082555423 -0.002955988842459001 -0.0005514074388843813 0.0018244936700245861 0.00010568821177468516
-1.02393701367441e-5 -2.0042161664300526e-5 6.754591957459088e-6 8.328530266631046e-6 -3.6061122522794826e-5 -4.640348833039162e-5 0.00027377461092858605 -8.884216570505629e-5 -0.0005169490007164459 -5.470718675066646e-5 -0.00042417049250294167 -5.1785193177421535e-6 0.0004465865656647043 -8.98387250688602e-5 -4.44496834920231e-5 0.0005158672616367787 0.0005449744471041499 0.00018092080681422282 0.0008645855475162596 -1.3166290193094634e-5 0.0006374839995508315 0.0026137945453181366 -0.0003496441667639758 -0.0006294949078372832 -0.00012019406953976837 -0.0005264143939528558 8.408953740140688e-5 0.0006073767781162183 0.00011124985325464339 -0.00022417545987001163 -0.00022493372542177318 -0.0020450779992517943
-0.0006939852451904059 -5.267224020916654e-5 -0.0023259719994523646 -0.00017511808761637063 0.0018334510533480723 0.00045718301246788204 0.0001804705059660777 0.00015629051216956022 0.0005246817018966842 5.7931559113992895e-5 0.00805394746115858 -0.0011717095019665776 -0.0050941635623940554 0.0014357053279915198 0.0037299729440604303 -0.0006586333893269124 -0.001757146317100458 -0.000513617069012764 -0.010738563758907452 0.0010038788104084365 0.006162160946073183 -0.0003496441667639758 0.0273705033929238 0.0004884940247073023 0.0014489887479770367 -5.599291551470276e-6 -0.007889605176372196 -0.00032254530984367294 -0.0036625339976101836 -0.0007817138618737226 -0.0027149232280092557 0.0021372240373238372
1.6167157558053704e-5 9.21446661361341e-5 -9.261392746098936e-5 -0.0001704602041615152 -7.1543942994206775e-6 0.00011893143341571718 0.00014649777681510098 2.0233491346153486e-5 -0.00029599804049621647 -0.0001852041070001606 -0.00015113629723447294 -0.0001554833146689099 0.00022847260799875368 0.0001387574727299707 7.363153297010522e-5 0.0002678478927481703 -9.053695772452212e-6 0.00011674668155488554 0.0003390964553847862 5.160917324227179e-5 -0.00012634689245613474 -0.0006294949078372832 0.0004884940247073023 0.0023210003105112427 0.00020719718655979843 -0.00025123257987671527 -0.0009375323763562408 -0.0009107096496583225 0.00025215138279882686 -1.1973251990974505e-5 -0.00028574081940042185 0.0009993216232297402
-1.3103976087512665e-5 -0.0003931809102162786 -0.0008824094231200968 0.00028997498225734406 0.00044419512456626397 -0.0007586876127386294 -0.000880370569245191 0.00011078972802831609 3.575284304515435e-5 0.0004973613015385167 0.0004626427710856418 -0.0019386452625721408 -0.0006816832796796499 -0.0007232463271755793 0.0013470968048112885 -0.0011677138533010259 0.006712679135012276 -0.0010569835005131113 -0.0009484564355897486 0.0001849875947944258 0.005870879352828024 -0.00012019406953976837 0.0014489887479770367 0.00020719718655979843 0.0165668786011472 0.0015837443154034048 -0.01370844562286654 0.0004247495742361353 -0.0004905927696862547 0.001690217425815252 -0.0024400310693191477 0.005405094634091631
-1.1795570290334286e-6 -0.00019436171038256797 -0.0004161882627233161 -0.00012307446511178717 0.0001287896224045258 0.00015302348813243892 -0.00035344478219197917 0.00025877945226991845 0.0005395714641144066 6.561300878517265e-5 0.0007684142418177291 -0.00029502973138755494 -0.0014634118255565517 -0.00018764869473368454 -0.0005299202897089073 0.00010745821638863607 -0.00015945094641982673 -0.0003219782177684751 -0.0022114753557478627 -0.0005997542193051094 -0.0004762200352732317 -0.0005264143939528558 -5.599291551470276e-6 -0.00025123257987671527 0.0015837443154034048 0.0038075462805783567 -0.0028261941697633763 0.0009940237064557406 0.0008246276279276244 0.0004649833152782226 -0.0007833196538566408 0.0035773134798181274
0.0004770685144406895 0.0007370652629014382 0.0023905080419527698 0.00021247661653168483 -0.0008122543661885486 0.00011141962620160458 -0.0004511060924019741 -0.0007148539942129939 0.0008995595173360134 6.1002884985751236e-5 -0.004592721349285774 0.0025696695163440015 0.004063789367628114 0.0008647594140601446 -0.003091647721853872 -0.000554985688712297 -0.007758439959113537 0.001203446202165677 0.00283984442270225 -0.0013897555587376457 -0.009763032981987448 8.408953740140688e-5 -0.007889605176372196 -0.0009375323763562408 -0.01370844562286654 -0.0028261941697633763 0.033081712277102895 0.00041869484027296633 -0.001887833332097312 -0.000718966409953235 0.003982004796913695 -0.009518149863925204
-9.233090216292727e-5 -0.000307306871854077 -0.0001245211405158645 0.00013497318964396715 0.00015444415178821167 -3.975407226959966e-5 -6.341058054076684e-5 0.00013211746367206565 -0.00023022055836411642 9.569744706708751e-5 0.00011411549632881548 -1.2340403906925401e-5 0.0002871387848936666 -1.020220827819549e-5 -0.0002721137382437586 0.00026886094228802305 0.0009850938839126929 -9.1944300800316e-5 -0.0022701158985482337 3.176774783393266e-6 -0.001049448082555423 0.0006073767781162183 -0.00032254530984367294 -0.0009107096496583225 0.0004247495742361353 0.0009940237064557406 0.00041869484027296633 0.0033075864637283686 0.00038381631551489263 0.0009091853696285665 -0.0014488019101139326 0.0005816329388932967
-0.0002865434281365218 -0.00013877164902122938 -0.0005256369577574709 0.0008375352434057176 0.00022511116682505803 -0.00022954680204985268 6.660273240363398e-5 0.001059455573055937 0.0006453318693923278 -0.00030563107990430057 -1.0401923619224814e-5 -0.0011033227517497283 -0.0005609812120203073 0.000666929144727358 0.0003106732810434187 0.0006029570178672382 0.003732561036350832 0.0002958708706173926 -0.003734038611630756 -0.002718646802725847 -0.002955988842459001 0.00011124985325464339 -0.0036625339976101836 0.00025215138279882686 -0.0004905927696862547 0.0008246276279276244 -0.001887833332097312 0.00038381631551489263 0.0375314601854237 -0.0009849375825554797 -0.0027819084546565945 0.005030624292750662
-0.00015225532467815164 -0.0002475964031403668 0.0002778245086597978 -9.39532839985082e-5 -0.00018731717767707438 -0.00018049629713326975 -0.00017786030339524036 9.005326046743419e-5 5.5341960545455415e-5 -7.485273090881536e-5 -0.0004721903648025637 0.00023766927553166243 0.001238112068792644 -0.0001640762920344188 -0.000947843681008557 0.0004359638196086882 -0.0020366751939141195 -0.00022871796059472594 -0.0005948583172941464 0.0005240602265863636 -0.0005514074388843813 -0.00022417545987001163 -0.0007817138618737226 -1.1973251990974505e-5 0.001690217425815252 0.0004649833152782226 -0.000718966409953235 0.0009091853696285665 -0.0009849375825554797 0.00506593696303462 -0.0012151511122004764 0.0035317355879124768
0.0002470007346782032 0.00012436922165091256 0.0006401164110951214 0.00018451981293413896 -0.0008506229249594874 0.00045437631329348516 6.749889511687569e-5 -0.00041853399238164204 0.00033502976094665566 -0.000275484720798659 -0.000604189830875154 0.0011122633364557338 0.002510741729196113 -0.00023720775566800584 -0.0011512361063919414 -0.0003246232682022088 -0.0021012980233582443 -0.00013245578652789313 0.0057285500124323934 -0.0007478668068462451 0.0018244936700245861 -0.00022493372542177318 -0.0027149232280092557 -0.00028574081940042185 -0.0024400310693191477 -0.0007833196538566408 0.003982004796913695 -0.0014488019101139326 -0.0027819084546565945 -0.0012151511122004764 0.015471195287471614 -0.00433255709806024
0.00021522465262547802 -0.0003625627379011683 -0.001026179823335258 -0.000258586191981376 0.00027422016999620926 -0.00011612591097556562 -0.0004058205321194432 0.0005069565965518569 0.0008123254317531997 -0.0003304729981292367 0.0012243628757084104 -0.0006919055228244813 -0.001955684260074842 -0.0001088248750247202 0.0003789904495213851 0.0006827667781605117 -0.0007196243213595199 -0.0008272596316225232 -0.005192843971704506 0.0012355042613620287 0.00010568821177468516 -0.0020450779992517943 0.0021372240373238372 0.0009993216232297402 0.005405094634091631 0.0035773134798181274 -0.009518149863925204 0.0005816329388932967 0.005030624292750662 0.0035317355879124768 -0.00433255709806024 0.025286762225477877



Matrice variance covariance 'within groups' 
3.5836149377705033e-6 1.1809726024774601e-6 6.017867756921036e-7 5.140213356829496e-8 -7.426018384906972e-7 -6.741611624330291e-7 -4.727314242731302e-7 -1.7280214807206942e-6 1.5330859596666083e-6 1.8821316313264028e-7 -4.499263981521767e-8 1.93833211735879e-7 -1.2134296010451162e-6 2.902807148028522e-7 -1.517000865374974e-7 2.1464083522430933e-8 -2.7364108576674434e-6 -3.9771885738625097e-7 4.465900962333575e-7 3.1159131730702606e-7 -2.449297226456537e-6 -4.266404223643375e-8 -2.8916051882933577e-6 6.736315649189043e-8 -5.459990036463592e-8 -4.914820954305953e-9 1.9877854768362063e-6 -3.847120923455304e-7 -1.1939309505688412e-6 -6.34397186158965e-7 1.0291697278258457e-6 8.967693859394917e-7
1.1809726024774601e-6 5.191548060624974e-6 4.3678377311314015e-7 1.7557998688849634e-7 -2.6775782443572995e-7 -4.836805143319472e-7 -1.4026291249444535e-6 -4.731824563009865e-7 -2.87404086667206e-7 -1.8215176458971987e-7 2.0994034734999703e-9 1.657377055820794e-8 3.121577921080872e-8 3.3628813442030676e-7 2.453194879496919e-8 2.206446482678756e-8 -2.3827907426052067e-6 -2.2238455911096553e-7 -5.452425742056768e-7 3.909992190060254e-8 -1.6823266715589859e-6 -8.350900693458552e-8 -2.1946766753819393e-7 3.8393610890055876e-7 -1.6382537925678275e-6 -8.098404599273666e-7 3.071105262089326e-6 -1.2804452993919875e-6 -5.782152042551223e-7 -1.0316516797515282e-6 5.182050902121357e-7 -1.5106780745882014e-6
6.017867756921036e-7 4.3678377311314015e-7 4.2409664836992225e-6 6.322716217497542e-7 -1.2497551675898977e-6 -1.3936809530487207e-8 3.0470949061240973e-7 -6.724686625559409e-7 -7.454460468348627e-8 -3.174146053875425e-7 -6.204474505741037e-6 1.6204678380222844e-6 7.030166793756057e-6 9.102044244520046e-8 -5.326328716558718e-6 3.643317105562818e-7 -6.0412033268318595e-6 3.2922259669195606e-7 9.502574077726317e-6 -3.1845606819610643e-7 -3.5090778456609428e-6 2.8144133156079502e-8 -9.691549997718185e-6 -3.8589136442078897e-7 -3.6767059296670695e-6 -1.7341177613471503e-6 9.960450174803208e-6 -5.188380854827688e-7 -2.1901539906561286e-6 1.1576021194158236e-6 2.66715171289634e-6 -4.275749263896908e-6
5.140213356829496e-8 1.7557998688849634e-7 6.322716217497542e-7 3.921505073442093e-6 1.7305299164751042e-7 4.845811737818195e-7 -1.6540627776003826e-7 -2.809604106099085e-7 6.507670633336564e-7 -5.267272749315549e-9 -1.3597808890797536e-7 -5.060775945382559e-7 1.1071055779553638e-6 4.596280190484424e-8 3.479295967324557e-8 -8.833417104586516e-7 3.0045712577459178e-6 -8.484643559595659e-8 -5.901128665774342e-7 1.2830934183709308e-7 7.672668307071622e-7 3.470220944429591e-8 -7.296586984015443e-7 -7.102508506729801e-7 1.2082290927389335e-6 -5.128102712991132e-7 8.85319235548687e-7 5.623882901831965e-7 3.4897301808571567e-6 -3.914720166604508e-7 7.688325538922463e-7 -1.0774424665890667e-6
-7.426018384906972e-7 -2.6775782443572995e-7 -1.2497551675898977e-6 1.7305299164751042e-7 3.0071826150036714e-6 7.216865455028996e-7 4.599379570649513e-8 6.839521658126568e-7 -7.777213361867748e-7 -3.548785295873006e-7 3.122981694287099e-6 -9.765567443413724e-7 -2.9940475709187157e-6 1.1459176161468378e-7 2.824930189845469e-6 -4.4820367994377486e-8 4.953566455665171e-6 -2.3263388870869058e-7 -7.10156257431275e-6 1.9844037030418442e-7 3.930344973525239e-6 -1.5025467717831178e-7 7.639379388950302e-6 -2.980997624758611e-8 1.8508130190260999e-6 5.366234266855241e-7 -3.3843931924522864e-6 6.435172991175489e-7 9.379631951044082e-7 -7.804882403211432e-7 -3.544262187331196e-6 1.1425840416508717e-6
-6.741611624330291e-7 -4.836805143319472e-7 -1.3936809530487207e-8 4.845811737818195e-7 7.216865455028996e-7 4.015969906264307e-6 4.036101799917864e-7 7.800481963405718e-7 -3.9382135624554173e-7 -7.308489137252307e-7 1.2940893787019678e-6 8.012501468614616e-7 -8.599892900083308e-7 2.4870619942883445e-7 5.029925449366591e-7 -5.123186096137214e-8 -2.2490842179075763e-6 -4.161486721805348e-7 5.372447083026561e-7 4.572821848838161e-8 1.293376242421058e-6 -1.9334786804329843e-7 1.904929218616175e-6 4.955476392321549e-7 -3.1611983864109564e-6 6.375978672184955e-7 4.6424844250668553e-7 -1.6564196778999857e-7 -9.564450085410523e-7 -7.520679047219575e-7 1.8932346387228543e-6 -4.838579623981901e-7
-4.727314242731302e-7 -1.4026291249444535e-6 3.0470949061240973e-7 -1.6540627776003826e-7 4.599379570649513e-8 4.036101799917864e-7 7.5761319722397185e-6 1.3909893214810887e-6 5.756466398631352e-7 -4.492241767099057e-6 -8.971409034405615e-7 1.4877928469978163e-7 7.998753788106558e-7 4.732875955763939e-7 1.897429550296088e-6 2.175230354090237e-6 -2.166524457809513e-6 6.577199155331479e-7 5.921231779595868e-6 8.485373123161727e-7 2.9964900411546333e-6 1.1407275455357757e-6 7.519604415253237e-7 6.10407403396254e-7 -3.668210705188295e-6 -1.4726865924665796e-6 -1.8796087183415585e-6 -2.642107522531952e-7 2.775113850151418e-7 -7.410845974801682e-7 2.812453963203151e-7 -1.6909188838310134e-6
-1.7280214807206942e-6 -4.731824563009865e-7 -6.724686625559409e-7 -2.809604106099085e-7 6.839521658126568e-7 7.800481963405718e-7 1.3909893214810887e-6 5.3763202899543485e-6 -2.679553394208821e-6 -1.6146699603224295e-6 1.1747892954460295e-6 -1.9195078810466227e-7 -7.150893591976667e-7 8.945124951927322e-8 8.707257328899027e-7 8.584947429016632e-7 4.2678095242536695e-8 -3.196681790618357e-7 1.1747005010754957e-8 -2.326345053784841e-7 9.955725155618465e-7 -3.7017569043773454e-7 6.512104673731675e-7 8.430621394230619e-8 4.616238667846505e-7 1.0782477177913269e-6 -2.978558309220807e-6 5.504894319669402e-7 4.414398221066405e-6 3.752219186143091e-7 -1.7438916349235082e-6 2.112319152299404e-6
1.5330859596666083e-6 -2.87404086667206e-7 -7.454460468348627e-8 6.507670633336564e-7 -7.777213361867748e-7 -3.9382135624554173e-7 5.756466398631352e-7 -2.679553394208821e-6 1.57741573129271e-5 -1.5870260250663784e-6 1.2616045913088885e-6 -6.77663730885794e-7 -2.637006501811641e-7 -5.14956933174651e-7 3.032039496539162e-6 -4.81074970220891e-6 -6.602842176054718e-6 -1.4195234147057046e-6 -8.784908901631654e-7 -3.140711942441226e-6 -1.1949858158668619e-6 -2.153954169651858e-6 2.18617375790285e-6 -1.2333251687342352e-6 1.4897017935480906e-7 2.2482144338100274e-6 3.7481646555667224e-6 -9.592523265171517e-7 2.6888827891346993e-6 2.305915022727309e-7 1.395957337277733e-6 3.3846892989716657e-6
1.8821316313264028e-7 -1.8215176458971987e-7 -3.174146053875425e-7 -5.267272749315549e-9 -3.548785295873006e-7 -7.308489137252307e-7 -4.492241767099057e-6 -1.6146699603224295e-6 -1.5870260250663784e-6 7.019649996849515e-6 4.556660261787271e-8 7.386579123159585e-8 7.841648932822587e-7 1.3727197622182526e-7 -3.869832720261669e-6 -1.3330969815400673e-6 2.2940350216877656e-6 -6.09303041732286e-8 -4.367922769780722e-6 -6.293886935865715e-7 -1.74474750071332e-6 -2.2794661146111025e-7 2.413814963083035e-7 -7.716837791673358e-7 2.0723387564104866e-6 2.73387536604886e-7 2.5417868744063053e-7 3.987393627795313e-7 -1.2734628329345861e-6 -3.1188637878673067e-7 -1.1478530033277462e-6 -1.3769708255384862e-6
-4.499263981521767e-8 2.0994034734999703e-9 -6.204474505741037e-6 -1.3597808890797536e-7 3.122981694287099e-6 1.2940893787019678e-6 -8.971409034405615e-7 1.1747892954460295e-6 1.2616045913088885e-6 4.556660261787271e-8 2.4911871017967776e-5 -1.904869362974067e-6 -2.350713880260778e-5 7.934159587435174e-7 1.4162214438561576e-5 -1.8045610598764937e-6 4.0413535679620615e-6 -5.206490266508486e-7 -2.7490382561590695e-5 2.284471889793994e-6 6.157731973064457e-6 -1.7673770520955904e-6 3.355811442149408e-5 -6.297345718103037e-7 1.927678212856842e-6 3.201726007573871e-6 -1.9136338955357388e-5 4.7548123470339754e-7 -4.334134841343858e-8 -1.9674598533440154e-6 -2.517457628646473e-6 5.101511982118373e-6
1.93833211735879e-7 1.657377055820794e-8 1.6204678380222844e-6 -5.060775945382559e-7 -9.765567443413724e-7 8.012501468614616e-7 1.4877928469978163e-7 -1.9195078810466227e-7 -6.77663730885794e-7 7.386579123159585e-8 -1.904869362974067e-6 7.133219485151082e-6 1.4324831476234542e-6 -2.6481818413259156e-7 -2.8492956774266474e-6 1.1789483533463145e-6 -9.746169061480447e-6 9.355547030526348e-7 4.2588136507937545e-6 -6.934430617047304e-7 -4.983043050870904e-6 -2.1577163823925638e-8 -4.882122924860741e-6 -6.478471444537912e-7 -8.077688594050587e-6 -1.2292905474481456e-6 1.0706956318100007e-5 -5.141834961218917e-8 -4.5971781322905345e-6 9.902886480485934e-7 4.634430568565557e-6 -2.8829396784353386e-6
-1.2134296010451162e-6 3.121577921080872e-8 7.030166793756057e-6 1.1071055779553638e-6 -2.9940475709187157e-6 -8.599892900083308e-7 7.998753788106558e-7 -7.150893591976667e-7 -2.637006501811641e-7 7.841648932822587e-7 -2.350713880260778e-5 1.4324831476234542e-6 6.471597571262176e-5 -1.4657569921209104e-6 -2.2955132522833595e-5 5.068896438789911e-7 -1.8885933467716843e-6 -4.733182475613978e-7 2.0047440459855495e-5 -2.6808711663804985e-6 8.77222956425079e-7 1.860777356936268e-6 -2.122568150997523e-5 9.51969199994807e-7 -2.840346998665206e-6 -6.097549273152299e-6 1.6932455698450474e-5 1.1964116037236109e-6 -2.3374217167512816e-6 5.158800286636017e-6 1.046142387165047e-5 -8.148684416978508e-6
2.902807148028522e-7 3.3628813442030676e-7 9.102044244520046e-8 4.596280190484424e-8 1.1459176161468378e-7 2.4870619942883445e-7 4.732875955763939e-7 8.945124951927322e-8 -5.14956933174651e-7 1.3727197622182526e-7 7.934159587435174e-7 -2.6481818413259156e-7 -1.4657569921209104e-6 6.4382872797880676e-6 -1.0689161206573908e-6 3.2802730818763374e-8 -2.0031045223527266e-6 2.239252028524901e-7 -2.0988736599159295e-6 3.51229130671878e-7 -3.287875890099069e-7 -3.743280211202508e-7 5.982105533297999e-6 5.781561363748779e-7 -3.01352636323158e-6 -7.818695613903523e-7 3.6031642252506013e-6 -4.250920115914788e-8 2.778871436363992e-6 -6.836512168100783e-7 -9.88365648616691e-7 -4.534369792696675e-7
-1.517000865374974e-7 2.453194879496919e-8 -5.326328716558718e-6 3.479295967324557e-8 2.824930189845469e-6 5.029925449366591e-7 1.897429550296088e-6 8.707257328899027e-7 3.032039496539162e-6 -3.869832720261669e-6 1.4162214438561576e-5 -2.8492956774266474e-6 -2.2955132522833595e-5 -1.0689161206573908e-6 3.226724325474783e-5 -3.5743219973833094e-6 1.3246317199384965e-5 1.8841412910952443e-6 -1.752994734861444e-5 2.745310326233763e-6 4.859575715442873e-6 -1.8520701455009647e-7 1.5541553933585127e-5 3.067980540421051e-7 5.6129033533803685e-6 -2.208001207120447e-6 -1.2881865507724466e-5 -1.1338072426823275e-6 1.2944720043475782e-6 -3.9493486708689865e-6 -4.796817109966423e-6 1.5791268730057704e-6
2.1464083522430933e-8 2.206446482678756e-8 3.643317105562818e-7 -8.833417104586516e-7 -4.4820367994377486e-8 -5.123186096137214e-8 2.175230354090237e-6 8.584947429016632e-7 -4.81074970220891e-6 -1.3330969815400673e-6 -1.8045610598764937e-6 1.1789483533463145e-6 5.068896438789911e-7 3.2802730818763374e-8 -3.5743219973833094e-6 7.6106803979613e-6 -2.37073982268085e-6 5.322005639406767e-7 3.483689430362313e-6 1.2264457618305007e-6 -1.0756796399903408e-6 2.149446923486578e-6 -2.744305788862135e-6 1.1160328864507095e-6 -4.8654743887542745e-6 4.477425682859836e-7 -2.3124403696345707e-6 1.1202539262000961e-6 2.512320907780159e-6 1.8165159150362006e-6 -1.3525969508425372e-6 2.8448615756687987e-6
-2.7364108576674434e-6 -2.3827907426052067e-6 -6.0412033268318595e-6 3.0045712577459178e-6 4.953566455665171e-6 -2.2490842179075763e-6 -2.166524457809513e-6 4.2678095242536695e-8 -6.602842176054718e-6 2.2940350216877656e-6 4.0413535679620615e-6 -9.746169061480447e-6 -1.8885933467716843e-6 -2.0031045223527266e-6 1.3246317199384965e-5 -2.37073982268085e-6 9.62189304319138e-5 2.407271454209006e-6 -2.578480453415918e-5 -8.734483528647886e-7 2.1635590647180195e-5 2.270726862933959e-6 -7.321442987918575e-6 -3.772373238521743e-8 2.796949639588448e-5 -6.643789434159442e-7 -3.232683316297307e-5 4.104557849636221e-6 1.5552337651461803e-5 -8.486146641308832e-6 -8.755408430659355e-6 -2.998434672331334e-6
-3.9771885738625097e-7 -2.2238455911096553e-7 3.2922259669195606e-7 -8.484643559595659e-8 -2.3263388870869058e-7 -4.161486721805348e-7 6.577199155331479e-7 -3.196681790618357e-7 -1.4195234147057046e-6 -6.09303041732286e-8 -5.206490266508486e-7 9.355547030526348e-7 -4.733182475613978e-7 2.239252028524901e-7 1.8841412910952443e-6 5.322005639406767e-7 2.407271454209006e-6 5.451992652164465e-6 -1.0515030172757715e-6 5.275824148251423e-7 -3.106955538556183e-6 7.538366950592617e-7 -2.1400711208865164e-6 4.864445064786898e-7 -4.40409791880463e-6 -1.3415759073686463e-6 5.0143591756903205e-6 -3.8310125333465e-7 1.2327952942391362e-6 -9.529915024780247e-7 -5.518991105328879e-7 -3.446915131760513e-6
4.465900962333575e-7 -5.452425742056768e-7 9.502574077726317e-6 -5.901128665774342e-7 -7.10156257431275e-6 5.372447083026561e-7 5.921231779595868e-6 1.1747005010754957e-8 -8.784908901631654e-7 -4.367922769780722e-6 -2.7490382561590695e-5 4.2588136507937545e-6 2.0047440459855495e-5 -2.0988736599159295e-6 -1.752994734861444e-5 3.483689430362313e-6 -2.578480453415918e-5 -1.0515030172757715e-6 8.174225658170622e-5 1.4560497326062613e-7 4.039476157836868e-7 3.6024397813177485e-6 -4.4744015662114384e-5 1.4129018974366091e-6 -3.9519018149572855e-6 -9.214480648949427e-6 1.183268509459271e-5 -9.458816243950973e-6 -1.5558494215128148e-5 -2.4785763220589435e-6 2.386895838513497e-5 -2.1636849882102107e-5
3.1159131730702606e-7 3.909992190060254e-8 -3.1845606819610643e-7 1.2830934183709308e-7 1.9844037030418442e-7 4.572821848838161e-8 8.485373123161727e-7 -2.326345053784841e-7 -3.140711942441226e-6 -6.293886935865715e-7 2.284471889793994e-6 -6.934430617047304e-7 -2.6808711663804985e-6 3.51229130671878e-7 2.745310326233763e-6 1.2264457618305007e-6 -8.734483528647886e-7 5.275824148251423e-7 1.4560497326062613e-7 9.78432817428384e-6 1.4506167020634063e-6 -5.485954247122764e-8 4.18282837670182e-6 2.1503822184279914e-7 7.707816449767749e-7 -2.498975913771289e-6 -5.790648161406857e-6 1.3236561597471998e-8 -1.1327695011357697e-5 2.183584277443182e-6 -3.1161116951926884e-6 5.147934422341786e-6
-2.449297226456537e-6 -1.6823266715589859e-6 -3.5090778456609428e-6 7.672668307071622e-7 3.930344973525239e-6 1.293376242421058e-6 2.9964900411546333e-6 9.955725155618465e-7 -1.1949858158668619e-6 -1.74474750071332e-6 6.157731973064457e-6 -4.983043050870904e-6 8.77222956425079e-7 -3.287875890099069e-7 4.859575715442873e-6 -1.0756796399903408e-6 2.1635590647180195e-5 -3.106955538556183e-6 4.039476157836868e-7 1.4506167020634063e-6 4.7869244240375326e-5 2.656183331461798e-6 2.5675670608638262e-5 -5.264453852338947e-7 2.4461997303450098e-5 -1.9842501469717988e-6 -4.0679304091614365e-5 -4.372700343980929e-6 -1.2316620176912502e-5 -2.2975309953515885e-6 7.602056958435776e-6 4.4036754906118815e-7
