
Fichier : C:/Users/virgc/GitHub/wingproj/Gomez analysis plan/PAD analysis/2017_11_28 Field 18 landmarks scaled_PW.txt

Archivo	C:/Users/virgc/GitHub/wingproj/Gomez analysis plan/PAD analysis/2017_11_28 Field 18 landmarks scaled_PW.txt
Comentario
SAMPLE INFO: C:/Users/vmc04/Documents/GitHub/wingproj/Gomez analysis plan/2017_09_06 Field 18 landmarks scaled - {partial warps scores - U1 y U2 en las dos ultimas columnas} - Field 18 landmarks for analysis- 17 50 47 45 54 17 11 or 67-92-71-11 or 159-71-11



Datos son:	Partial Warps (PW)
----------------- - - - - - - - - - - -----------------

Datos, en parte:
0.0003536879862514517 -0.00093442735223163941 -0.001172147951551517
0.0018694209667981653 0.0018709444475340305 0.00041380910397264875
1.7080599265364354e-05 0.00012891099668654315 -0.00049548101668615819
0.001188701858613159 0.0010278881872573991 -0.0013302691307165767
...

241	Nombre total d'individus
32	Nombre de variables

Hay 3 grupos: 159 71 11
partZ 
2 159 32 0.00048247481291793684
5088
preplisteW
2 159 32 0.00048247481291793684
5088
partZ 
2 71 32 -0.0008261903334902907
2272
preplisteW
2 71 32 -0.0008261903334902907
2272
partZ 
2 11 32 -0.0004988511954702173
352
preplisteW
2 11 32 -0.0004988511954702173
352
listeW
2 241 32 0.00048247481291793684
7712

---------------------------
Matrice variance covariance 'within groups' NON corrigee 
0.0009490606148969674 0.0003580721015076821 0.00023202042924222148 -6.270311279132927e-5 -0.00019993770575221933 -6.909746804305095e-5 -0.00018796213291192966 -0.0005095940630303417 0.00043226076968594856 5.933424819042559e-5 0.0002188434157379486 0.0001827648152627646 -0.0006472010611673612 0.00016152757485066144 -0.000209771708525225 -8.41642001920784e-5 -0.0023763903884870072 -0.00014475482818294814 0.0004798043153483842 0.00014225230888299383 -0.0008175069342231942 -7.510589321671815e-5 -0.00017516184948276333 1.881217045447695e-5 -0.000303359516792341 0.00019158309539258557 0.0007779742228068666 -7.448560134979058e-5 -0.0012210483436826513 -0.00017339190475202903 0.0009535668455646924 0.0003787633851080543
0.0003580721015076821 0.0013204237928878318 0.00019135996771782254 -1.548761670786989e-5 -7.983692422212369e-5 -1.9066743302593843e-5 -0.00041769995798745824 -0.00020746617297048308 -7.0269157106360235e-6 -1.9080997267890295e-5 0.0002076343382485642 0.00012129134402748306 -0.00028545651162964925 0.00016010669767716013 -0.0001813069704485694 -7.942802167104286e-5 -0.0021895912724329523 -0.00010181957458202472 0.000266898427597488 5.997028886492371e-5 -0.0005673220144404233 -7.793385041262303e-5 0.0004748183629748751 0.00010640461065970742 -0.0005863973676592532 -4.024177726714716e-6 0.0008840744372961059 -0.0002976047927076915 -0.001003840260197487 -0.00027162180100447726 0.0007004677483887503 -0.00024130852825058146
0.00023202042924222148 0.00019135996771782254 0.0011663713903239678 9.315558555710476e-5 -0.00036267918711004456 0.00010310364466884496 -3.223556426896429e-6 -0.0002619117194361897 2.391098345240335e-5 -7.613779031300351e-5 -0.0013371946952834707 0.0005845017158316812 0.0014068256171430899 8.281811547137724e-5 -0.0015261562769018418 3.365842496168642e-5 -0.003365511522672507 5.085160832986833e-5 0.0028916395433501454 -6.372486871584261e-6 -0.0011359247021086353 -4.5879984765103744e-5 -0.001997770253721595 -8.866684289643213e-5 -0.001397879920378758 -0.0002767398382957645 0.0030432279690619647 -8.13108482563231e-5 -0.0014489509463769586 0.00025996032198064646 0.0014089898869780405 -0.0010944696819407734
-6.270311279132927e-5 -1.548761670786989e-5 9.315558555710476e-5 0.0010257327440695843 4.507282970989104e-5 3.952531824833012e-5 1.9879702667357643e-5 1.536632692725468e-5 9.219034316670188e-5 -3.2753977033225154e-5 -0.0002839439991923181 -0.0002127172507454325 0.0006057709847468181 -9.316150927818013e-5 0.0001365307908389436 -0.00011311945261151067 0.0021233007122850736 4.109334682535831e-5 -0.00033602094826916574 -2.701955041183556e-5 0.0004480994068171171 7.105367968241416e-5 -0.0007078252924882497 -0.00017136028449510877 0.0006230665719300553 -0.0002952947954957173 -6.049397108581723e-5 0.00011715029783308148 0.001782264672248739 -8.19849115114264e-5 -0.0005321323193560392 -0.00045799293027121103
-0.00019993770575221933 -7.983692422212369e-5 -0.00036267918711004456 4.507282970989104e-5 0.0007715931626297357 0.00016302081283826902 8.249866241026157e-6 0.0001729089584659646 -0.0001694052810404135 -5.155584469303838e-5 0.0007997627486222833 -0.0003252537888813079 -0.0006999489188839582 4.4342961342242286e-5 0.0007368389439117651 -4.080602425935769e-5 0.0015812284962157185 -7.887091766642128e-5 -0.0019373185999360162 2.04506024903152e-5 0.0010652815453497078 -3.7738882767344877e-5 0.0020243556929740443 6.633854247240168e-6 0.0007378801163742865 0.0001665237312067414 -0.001318287389830704 0.00012266281748206303 0.00028061227639351275 -0.00019057938331316655 -0.0010554923555653993 0.0004318243707148499
-6.909746804305095e-5 -1.9066743302593843e-5 0.00010310364466884496 3.952531824833012e-5 0.00016302081283826902 0.00109462538909231 -1.3732253331884496e-5 6.132705346053425e-5 -8.064544723315416e-6 -0.00012938082273359727 0.0006012467273037034 0.0003280041449540269 -0.0005849354198611728 0.0001708621059647167 -0.000126312387597905 -0.00013373522505840386 -0.002625534550807722 -0.00017253520093421336 0.0006182442530480213 7.029629018534822e-5 0.00010372712873395647 -0.00012389193017303172 0.00121220070918118 0.00014337466640604134 -0.000986679585034748 0.00041301827186122653 0.00021704590377528426 -3.134759296161958e-5 -0.0014084869275596966 -0.00021223331411089602 0.0011986335677667886 5.957922487302268e-5
-0.00018796213291192966 -0.00041769995798745824 -3.223556426896429e-6 1.9879702667357643e-5 8.249866241026157e-6 -1.3732253331884496e-5 0.0019163004059963992 0.00043961736357666726 5.9990610033433185e-5 -0.0011220891595735843 -0.0004676894601112373 -6.089990539912275e-5 0.0005068427618766632 1.9244876534428174e-5 0.0006553569000407921 0.0006304429168080993 0.0011875162705053286 0.00022221764135248593 0.0010353062163154668 0.00016028678963627443 0.00083693172178172 0.00033967640014985777 -0.0005100606967647277 0.00012089195237410687 -0.0008082930919887449 -0.0005902339664292353 -0.00037181455071354534 -5.9269475005583876e-5 0.0010247860076751521 -0.0001471680063358043 -0.0004774486961964356 -0.0005962036403434035
-0.0005095940630303417 -0.00020746617297048308 -0.0002619117194361897 1.536632692725468e-5 0.0001729089584659646 6.132705346053425e-5 0.00043961736357666726 0.0014136688792599278 -0.0007300783514443699 -0.00043181401289856723 -1.720317853037687e-5 -0.000179706548577245 0.00022355605543679987 -9.456790931325496e-5 0.0004417196205261618 0.0003296795857845485 0.0020664047097129494 -2.760255138250545e-6 -0.0004473751332546308 -0.00011875390167007704 0.0004644667243736915 -9.829286644782185e-6 -0.0005954575997975629 -6.491744448179739e-8 0.000361626805025958 9.795132596716722e-7 -0.0008513529968161663 0.0001222400325078468 0.002247221314142564 0.00011979723550855397 -0.0011931715781417713 0.0003079516470226263
0.00043226076968594856 -7.0269157106360235e-6 2.391098345240335e-5 9.219034316670188e-5 -0.0001694052810404135 -8.064544723315416e-6 5.9990610033433185e-5 -0.0007300783514443699 0.00386008538853582 -0.0003357820753822139 0.0005557483407801746 -0.0001035978294584685 -0.00036790408098822834 -2.602957988025199e-5 0.0005909078215936434 -0.001262491828959175 -0.002943140483475161 -0.0004065374572456145 -1.6255306010412525e-6 -0.0007154488701914524 -0.0004032895667977253 -0.000578587310051749 0.0011769092034224224 -0.00027765693723463207 -1.2338050186889695e-5 0.0007528680669255834 0.0007747475810571166 -0.00023793252921022333 -0.00021574381776558258 3.1707999950097015e-5 0.0008334432692518941 0.0010593270036334795
5.933424819042559e-5 -1.9080997267890295e-5 -7.613779031300351e-5 -3.2753977033225154e-5 -5.155584469303838e-5 -0.00012938082273359727 -0.0011220891595735843 -0.00043181401289856723 -0.0003357820753822139 0.001739910502535059 0.0001695499825610888 -3.78887746216699e-6 7.158211105156098e-5 9.368672501626578e-5 -0.000991084889114302 -0.0003931119353174757 6.29726317840348e-5 -6.685381754368219e-5 -0.0010452939921713406 -0.0001524748503598925 -0.0004548202576623387 -8.52528769140261e-5 0.0004993034330869332 -0.00016286838808584158 0.0005304960301088792 0.00018238237771768499 -0.00020518962535908772 8.215605346455332e-5 -0.0007962051214127538 -8.500189119494547e-5 -8.200611516880001e-5 -0.00018320358533299496
0.0002188434157379486 0.0002076343382485642 -0.0013371946952834707 -0.0002839439991923181 0.0007997627486222833 0.0006012467273037034 -0.0004676894601112373 -1.720317853037687e-5 0.0005557483407801746 0.0001695499825610888 0.006885390969258271 -0.00024075636295885854 -0.006741084293543858 0.0005491420948784549 0.002940300883242557 -0.0008122697992442016 -0.003726485541122815 -0.00036162743036663626 -0.005956279104685093 0.0006963864030658547 0.0008992457673836115 -0.0006422189634007187 0.010260674187143957 -0.0001024161290423414 -1.996996001072164e-5 0.0014725666862495197 -0.004658176848096504 0.00011248685326202697 -0.0031632980173425425 -0.0005395080557625724 0.0013843393481653464 0.002060060018463834
0.0001827648152627646 0.00012129134402748306 0.0005845017158316812 -0.0002127172507454325 -0.0003252537888813079 0.0003280041449540269 -6.089990539912275e-5 -0.000179706548577245 -0.0001035978294584685 -3.78887746216699e-6 -0.00024075636295885854 0.001998748331704787 -0.00010660052619049735 2.516822603160436e-5 -0.0009933973360974633 0.00021036962982051575 -0.005029558856257575 0.00019255679599072402 0.0018298855345478206 -5.237834732236668e-5 -0.0016122764988678406 -8.290470257344134e-5 -0.0007498380849030848 -0.00016390919755438098 -0.002638676043610737 -9.598180246951087e-5 0.003535549295632412 4.759460440584889e-5 -0.0023385186328896274 0.00021252394325314884 0.0022174233440953738 -0.0007105889983401506
-0.0006472010611673612 -0.00028545651162964925 0.0014068256171430899 0.0006057709847468181 -0.0006999489188839582 -0.0005849354198611728 0.0005068427618766632 0.00022355605543679987 -0.00036790408098822834 7.158211105156098e-5 -0.006741084293543858 -0.00010660052619049735 0.01707949845909896 -0.0007920539128825695 -0.004867017253449963 0.0005619635183313481 0.006356273611994634 0.00014329419788161924 0.003637101147704089 -0.0009028395219694516 0.0011222261421732942 0.0007341035715027012 -0.007621689927356176 0.00020520861848394358 0.0003011290364502285 -0.0023392504876721325 0.003344824388063128 0.0002455129280481091 0.0035098860627209515 0.0013255864444033949 -0.00039292357691525856 -0.0029177626957891216
0.00016152757485066144 0.00016010669767716013 8.281811547137724e-5 -9.316150927818013e-5 4.4342961342242286e-5 0.0001708621059647167 1.9244876534428174e-5 -9.456790931325496e-5 -2.602957988025199e-5 9.368672501626578e-5 0.0005491420948784549 2.516822603160436e-5 -0.0007920539128825695 0.0016889634402246039 -0.0004315892718784457 -0.00014041837143872728 -0.0023169219416565574 -3.947372078331974e-5 -0.00026825276392771673 0.00014619988296592066 -0.00034032938953712597 -0.00017590725999978783 0.002281325746770667 0.0001540221508898492 -0.0009757082215996945 7.986618740526791e-5 0.0009201505201411119 -5.54759371722846e-6 -0.000593342987000998 -0.00018748779702028212 0.0005931590115755033 0.00021447260001330678
-0.000209771708525225 -0.0001813069704485694 -0.0015261562769018418 0.0001365307908389436 0.0007368389439117651 -0.000126312387597905 0.0006553569000407921 0.0004417196205261618 0.0005909078215936434 -0.000991084889114302 0.002940300883242557 -0.0009933973360974633 -0.004867017253449963 -0.0004315892718784457 0.00825218280166378 -0.0006707709998360791 0.007181621965245616 0.0005619716597860467 -0.005310387172098755 0.0005418313991589256 0.0016067808362182268 8.709022596106054e-5 0.002545933659866934 3.30807482684519e-5 0.0019694457503271296 -0.0009559090485521623 -0.0036393327074951704 -0.00031138093946610744 0.0024324435552105666 -0.0008928715359572617 -0.0025816379830009163 0.00024888084898555074
-8.41642001920784e-5 -7.942802167104286e-5 3.365842496168642e-5 -0.00011311945261151067 -4.080602425935769e-5 -0.00013373522505840386 0.0006304429168080993 0.0003296795857845485 -0.001262491828959175 -0.0003931119353174757 -0.0008122697992442016 0.00021036962982051575 0.0005619635183313481 -0.00014041837143872728 -0.0006707709998360791 0.0019879450959733413 0.0013154189787880628 0.00022917504127125781 0.0005909109430098291 0.00024094976012488322 -5.910742077076221e-5 0.0006054167153741946 -0.0016129905226210746 0.00024210167493624347 -0.0010488550115456765 -0.00019376555650889955 -0.00039909224743747544 0.0002774176652650259 0.001886517791283756 0.00046608627131826684 -0.001081533005909631 0.00031887177907140784
-0.0023763903884870072 -0.0021895912724329523 -0.003365511522672507 0.0021233007122850736 0.0015812284962157185 -0.002625534550807722 0.0011875162705053286 0.0020664047097129494 -0.002943140483475161 6.29726317840348e-5 -0.003726485541122815 -0.005029558856257575 0.006356273611994634 -0.0023169219416565574 0.007181621965245616 0.0013154189787880628 0.05901581816538938 0.0016556331258615429 -0.014631609719947787 -0.0014314367602844171 0.009426787708681904 0.0018549625094052124 -0.013147022555788672 -0.00023471748730718853 0.012015418355229405 -0.004271817849388849 -0.012444626913017447 0.0006846219759460834 0.02331830674761769 -0.0015517868760641193 -0.015848749059644295 -0.003540903835828204
-0.00014475482818294814 -0.00010181957458202472 5.085160832986833e-5 4.109334682535831e-5 -7.887091766642128e-5 -0.00017253520093421336 0.00022221764135248593 -2.760255138250545e-6 -0.0004065374572456145 -6.685381754368219e-5 -0.00036162743036663626 0.00019255679599072402 0.00014329419788161924 -3.947372078331974e-5 0.0005619716597860467 0.00022917504127125781 0.0016556331258615429 0.0013746176449052046 -0.0003679359306036552 9.861620387868158e-5 -0.0006155889680108882 0.00023461330686312538 -0.0011064826385003446 9.928590394755733e-5 -0.0009688828170090261 -0.0005007128938862898 0.0013112716578163486 -8.694840297434163e-5 0.0010938721589248109 -0.0002125301328773526 -0.0005950995597104712 -0.0010460149488865896
0.0004798043153483842 0.000266898427597488 0.0028916395433501454 -0.00033602094826916574 -0.0019373185999360162 0.0006182442530480213 0.0010353062163154668 -0.0004473751332546308 -1.6255306010412525e-6 -0.0010452939921713406 -0.005956279104685093 0.0018298855345478206 0.003637101147704089 -0.00026825276392771673 -0.005310387172098755 0.0005909109430098291 -0.014631609719947787 -0.0003679359306036552 0.022421671074359936 0.00030572388593044103 -0.0007339012055539242 0.0006353660095495445 -0.009040078374440302 0.00039409470898720434 -0.002324998382427988 -0.0014746600175724594 0.00462651489539364 -0.002154750480720692 -0.007423566199788565 -0.0007128367629980855 0.008454436969669419 -0.005325514768014307
0.00014225230888299383 5.997028886492371e-5 -6.372486871584261e-6 -2.701955041183556e-5 2.04506024903152e-5 7.029629018534822e-5 0.00016028678963627443 -0.00011875390167007704 -0.0007154488701914524 -0.0001524748503598925 0.0006963864030658547 -5.237834732236668e-5 -0.0009028395219694516 0.00014619988296592066 0.0005418313991589256 0.00024094976012488322 -0.0014314367602844171 9.861620387868158e-5 0.00030572388593044103 0.0024046333922555386 0.00013680376355146886 -5.7450926120803656e-5 0.0012907499452194306 4.4986248170814654e-5 -0.00012338496265251666 -0.0004855742454835182 -0.0010060437242593874 2.6207103151239894e-5 -0.0033701260270250287 0.0005134150271218276 -0.0001822622998642762 0.0013223752814039025
-0.0008175069342231942 -0.0005673220144404233 -0.0011359247021086353 0.0004480994068171171 0.0010652815453497078 0.00010372712873395647 0.00083693172178172 0.0004644667243736915 -0.0004032895667977253 -0.0004548202576623387 0.0008992457673836115 -0.0016122764988678406 0.0011222261421732942 -0.00034032938953712597 0.0016067808362182268 -5.910742077076221e-5 0.009426787708681904 -0.0006155889680108882 -0.0007339012055539242 0.00013680376355146886 0.012706374928972773 0.0007948730754710245 0.005277722716007869 -8.654737545875581e-5 0.007885481312840078 -0.0007619423472784916 -0.012074280937711263 -0.0012035807774920869 -0.00012914057035096315 -0.0005552768171770019 -0.0008222793433658995 2.7686789673288103e-5
-7.510589321671815e-5 -7.793385041262303e-5 -4.5879984765103744e-5 7.105367968241416e-5 -3.7738882767344877e-5 -0.00012389193017303172 0.00033967640014985777 -9.829286644782185e-6 -0.000578587310051749 -8.52528769140261e-5 -0.0006422189634007187 -8.290470257344134e-5 0.0007341035715027012 -0.00017590725999978783 8.709022596106054e-5 0.0006054167153741946 0.0018549625094052124 0.00023461330686312538 0.0006353660095495445 -5.7450926120803656e-5 0.0007948730754710245 0.002669410425173345 -0.0008756898437395715 -0.0006393839449524126 3.435451377240694e-5 -0.0007035837827382694 1.906930658162554e-5 0.0006032374665516074 0.000911875941422897 -0.00020574346015897105 -0.0007573945315471773 -0.002231092246225725
-0.00017516184948276333 0.0004748183629748751 -0.001997770253721595 -0.0007078252924882497 0.0020243556929740443 0.00121220070918118 -0.0005100606967647277 -0.0005954575997975629 0.0011769092034224224 0.0004993034330869332 0.010260674187143957 -0.0007498380849030848 -0.007621689927356176 0.002281325746770667 0.002545933659866934 -0.0016129905226210746 -0.013147022555788672 -0.0011064826385003446 -0.009040078374440302 0.0012907499452194306 0.005277722716007869 -0.0008756898437395715 0.033183249424787814 0.0006766648005704569 0.0012633533057447952 0.001857792699802339 -0.009453636395716454 -0.00041491219554095656 -0.011088637434155984 -0.0009891148164168423 0.0013541079070920616 0.004283224133963856
1.881217045447695e-5 0.00010640461065970742 -8.866684289643213e-5 -0.00017136028449510877 6.633854247240168e-6 0.00014337466640604134 0.00012089195237410687 -6.491744448179739e-8 -0.00027765693723463207 -0.00016286838808584158 -0.0001024161290423414 -0.00016390919755438098 0.00020520861848394358 0.0001540221508898492 3.30807482684519e-5 0.00024210167493624347 -0.00023471748730718853 9.928590394755733e-5 0.00039409470898720434 4.4986248170814654e-5 -8.654737545875581e-5 -0.0006393839449524126 0.0006766648005704569 0.0023364573264865306 0.0003083334880235889 -0.00019533893706016973 -0.0011468153132060434 -0.0009226960529551702 0.0001025901916304202 -2.0960353822139064e-5 -0.00029108140533470135 0.0010420346426544852
-0.000303359516792341 -0.0005863973676592532 -0.001397879920378758 0.0006230665719300553 0.0007378801163742865 -0.000986679585034748 -0.0008082930919887449 0.000361626805025958 -1.2338050186889695e-5 0.0005304960301088792 -1.996996001072164e-5 -0.002638676043610737 0.0003011290364502285 -0.0009757082215996945 0.0019694457503271296 -0.0010488550115456765 0.012015418355229405 -0.0009688828170090261 -0.002324998382427988 -0.00012338496265251666 0.007885481312840078 3.435451377240694e-5 0.0012633533057447952 0.0003083334880235889 0.020293530159253226 0.0015178777293989104 -0.01841304968570146 0.00010997460653144639 0.002958789500687827 0.0016381304153274415 -0.006298485943279766 0.005972916059065196
0.00019158309539258557 -4.024177726714716e-6 -0.0002767398382957645 -0.0002952947954957173 0.0001665237312067414 0.00041301827186122653 -0.0005902339664292353 9.795132596716722e-7 0.0007528680669255834 0.00018238237771768499 0.0014725666862495197 -9.598180246951087e-5 -0.0023392504876721325 7.986618740526791e-5 -0.0009559090485521623 -0.00019376555650889955 -0.004271817849388849 -0.0005007128938862898 -0.0014746600175724594 -0.0004855742454835182 -0.0007619423472784916 -0.0007035837827382694 0.001857792699802339 -0.00019533893706016973 0.0015178777293989104 0.0044367733586288885 -0.003212610579416171 0.0009686837124830306 -0.0016097588774546148 0.00038895265100189716 0.0006001989809614062 0.004259693189661544
0.0007779742228068666 0.0008840744372961059 0.0030432279690619647 -6.049397108581723e-5 -0.001318287389830704 0.00021704590377528426 -0.00037181455071354534 -0.0008513529968161663 0.0007747475810571166 -0.00020518962535908772 -0.004658176848096504 0.003535549295632412 0.003344824388063128 0.0009201505201411119 -0.0036393327074951704 -0.00039909224743747544 -0.012444626913017447 0.0013112716578163486 0.00462651489539364 -0.0010060437242593874 -0.012074280937711263 1.906930658162554e-5 -0.009453636395716454 -0.0011468153132060434 -0.01841304968570146 -0.003212610579416171 0.03994622565368146 0.0008611973357594267 -0.004145791777776058 -0.0006180195660581123 0.007921776793407843 -0.010863777779791878
-7.448560134979058e-5 -0.0002976047927076915 -8.13108482563231e-5 0.00011715029783308148 0.00012266281748206303 -3.134759296161958e-5 -5.9269475005583876e-5 0.0001222400325078468 -0.00023793252921022333 8.215605346455332e-5 0.00011248685326202697 4.759460440584889e-5 0.0002455129280481091 -5.54759371722846e-6 -0.00031138093946610744 0.0002774176652650259 0.0006846219759460834 -8.694840297434163e-5 -0.002154750480720692 2.6207103151239894e-5 -0.0012035807774920869 0.0006032374665516074 -0.00041491219554095656 -0.0009226960529551702 0.00010997460653144639 0.0009686837124830306 0.0008611973357594267 0.003336695556881248 0.0002209465249526612 0.0009161542943612649 -0.0011888383437123986 0.0004874745640223193
-0.0012210483436826513 -0.001003840260197487 -0.0014489509463769586 0.001782264672248739 0.00028061227639351275 -0.0014084869275596966 0.0010247860076751521 0.002247221314142564 -0.00021574381776558258 -0.0007962051214127538 -0.0031632980173425425 -0.0023385186328896274 0.0035098860627209515 -0.000593342987000998 0.0024324435552105666 0.001886517791283756 0.02331830674761769 0.0010938721589248109 -0.007423566199788565 -0.0033701260270250287 -0.00012914057035096315 0.000911875941422897 -0.011088637434155984 0.0001025901916304202 0.002958789500687827 -0.0016097588774546148 -0.004145791777776058 0.0002209465249526612 0.0498766568762565 -0.0007533907122411721 -0.011281174975353277 0.00290991574520142
-0.00017339190475202903 -0.00027162180100447726 0.00025996032198064646 -8.19849115114264e-5 -0.00019057938331316655 -0.00021223331411089602 -0.0001471680063358043 0.00011979723550855397 3.1707999950097015e-5 -8.500189119494547e-5 -0.0005395080557625724 0.00021252394325314884 0.0013255864444033949 -0.00018748779702028212 -0.0008928715359572617 0.00046608627131826684 -0.0015517868760641193 -0.0002125301328773526 -0.0007128367629980855 0.0005134150271218276 -0.0005552768171770019 -0.00020574346015897105 -0.0009891148164168423 -2.0960353822139064e-5 0.0016381304153274415 0.00038895265100189716 -0.0006180195660581123 0.0009161542943612649 -0.0007533907122411721 0.005077792292788016 -0.0013169791913096212 0.0034614036983149
0.0009535668455646924 0.0007004677483887503 0.0014089898869780405 -0.0005321323193560392 -0.0010554923555653993 0.0011986335677667886 -0.0004774486961964356 -0.0011931715781417713 0.0008334432692518941 -8.200611516880001e-5 0.0013843393481653464 0.0022174233440953738 -0.00039292357691525856 0.0005931590115755033 -0.0025816379830009163 -0.001081533005909631 -0.015848749059644295 -0.0005950995597104712 0.008454436969669419 -0.0001822622998642762 -0.0008222793433658995 -0.0007573945315471773 0.0013541079070920616 -0.00029108140533470135 -0.006298485943279766 0.0006001989809614062 0.007921776793407843 -0.0011888383437123986 -0.011281174975353277 -0.0013169791913096212 0.022291949140117395 -0.0033183171923555988
0.0003787633851080543 -0.00024130852825058146 -0.0010944696819407734 -0.00045799293027121103 0.0004318243707148499 5.957922487302268e-5 -0.0005962036403434035 0.0003079516470226263 0.0010593270036334795 -0.00018320358533299496 0.002060060018463834 -0.0007105889983401506 -0.0029177626957891216 0.00021447260001330678 0.00024888084898555074 0.00031887177907140784 -0.003540903835828204 -0.0010460149488865896 -0.005325514768014307 0.0013223752814039025 2.7686789673288103e-5 -0.002231092246225725 0.004283224133963856 0.0010420346426544852 0.005972916059065196 0.004259693189661544 -0.010863777779791878 0.0004874745640223193 0.00290991574520142 0.0034614036983149 -0.0033183171923555988 0.026553637185659982



Matrice variance covariance 'within groups' 
3.954419228737364e-6 1.4919670896153421e-6 9.667517885092561e-7 -2.6126296996387195e-7 -8.330737739675805e-7 -2.879061168460456e-7 -7.831755537997069e-7 -2.1233085959597574e-6 1.8010865403581188e-6 2.472260341267734e-7 9.118475655747858e-7 7.615200635948524e-7 -2.696671088197338e-6 6.73031561877756e-7 -8.740487855217708e-7 -3.5068416746699334e-7 -9.901626618695863e-6 -6.031451174289506e-7 1.999184647284934e-6 5.927179536791409e-7 -3.4062788925966424e-6 -3.1294122173632545e-7 -7.298410395115139e-7 7.838404356032064e-8 -1.2639979866347542e-6 7.982628974691068e-7 3.241559261695278e-6 -3.1035667229079407e-7 -5.087701432011047e-6 -7.22466269800121e-7 3.973195189852884e-6 1.5781807712835597e-6
1.4919670896153421e-6 5.5017658036992995e-6 7.973331988242606e-7 -6.453173628279123e-8 -3.3265385092551536e-7 -7.944476376080777e-8 -1.7404164916144092e-6 -8.64442387377013e-7 -2.9278815460983336e-8 -7.950415528287621e-8 8.651430760356843e-7 5.053806001145126e-7 -1.1894021317902049e-6 6.671112403215003e-7 -7.554457102023718e-7 -3.309500902960119e-7 -9.123296968470635e-6 -4.24248227425103e-7 1.1120767816562e-6 2.49876203603849e-7 -2.363841726835097e-6 -3.2472437671926253e-7 1.978409845728646e-6 4.4335254441544735e-7 -2.443322365246888e-6 -1.6767407194644817e-8 3.6836434887337744e-6 -1.2400199696153816e-6 -4.182667750822864e-6 -1.1317575041853216e-6 2.9186156182864593e-6 -1.0054522010440892e-6
9.667517885092561e-7 7.973331988242606e-7 4.859880793016532e-6 3.8814827315460313e-7 -1.5111632796251856e-6 4.2959851945352067e-7 -1.3431485112068446e-8 -1.0912988309841238e-6 9.962909771834729e-8 -3.1724079297084795e-7 -5.5716445636811264e-6 2.435423815965338e-6 5.861773404762874e-6 3.450754811307384e-7 -6.358984487091009e-6 1.402434373403601e-7 -1.4022964677802113e-5 2.1188170137445137e-7 1.2048498097292274e-5 -2.6552028631601086e-8 -4.733019592119314e-6 -1.9116660318793226e-7 -8.324042723839978e-6 -3.6944517873513385e-7 -5.8244996682448255e-6 -1.1530826595656854e-6 1.2680116537758185e-5 -3.3879520106801293e-7 -6.037295609903995e-6 1.0831680082526935e-6 5.870791195741835e-6 -4.560290341419889e-6
-2.6126296996387195e-7 -6.453173628279123e-8 3.8814827315460313e-7 4.273886433623268e-6 1.8780345712454595e-7 1.6468882603470882e-7 8.283209444732352e-8 6.40263621968945e-8 3.841264298612578e-7 -1.3647490430510471e-7 -1.183099996634659e-6 -8.86321878105969e-7 2.524045769778409e-6 -3.8817295532575044e-7 5.688782951622648e-7 -4.7133105254796116e-7 8.847086301187806e-6 1.7122227843899296e-7 -1.4000872844548573e-6 -1.1258146004931482e-7 1.8670808617379872e-6 2.960569986767257e-7 -2.9492720520343736e-6 -7.140011853962864e-7 2.59611071637523e-6 -1.2303949812321552e-6 -2.520582128575718e-7 4.88126240971173e-7 7.426102801036411e-6 -3.4160379796427655e-7 -2.2172179973168302e-6 -1.908303876130045e-6
-8.330737739675805e-7 -3.3265385092551536e-7 -1.5111632796251856e-6 1.8780345712454595e-7 3.2149715109572323e-6 6.792533868261209e-7 3.437444267094232e-8 7.204539936081859e-7 -7.058553376683896e-7 -2.1481601955432658e-7 3.33234478592618e-6 -1.3552241203387825e-6 -2.916453828683159e-6 1.8476233892600946e-7 3.0701622662990212e-6 -1.7002510108065703e-7 6.588452067565494e-6 -3.286288236100887e-7 -8.072160833066734e-6 8.521084370964669e-8 4.438673105623783e-6 -1.5724534486393698e-7 8.43481538739185e-6 2.7641059363500697e-8 3.074500484892861e-6 6.938488800280891e-7 -5.4928641242946e-6 5.110950728419292e-7 1.1692178183063028e-6 -7.940807638048606e-7 -4.39788481485583e-6 1.799268211311875e-6
-2.879061168460456e-7 -7.944476376080777e-8 4.2959851945352067e-7 1.6468882603470882e-7 6.792533868261209e-7 4.560939121217958e-6 -5.721772221618533e-8 2.555293894188927e-7 -3.36022696804809e-8 -5.390867613899888e-7 2.5051946970987644e-6 1.3666839373084454e-6 -2.4372309160882202e-6 7.119254415196527e-7 -5.263016149912708e-7 -5.572301044100161e-7 -1.0939727295032174e-5 -7.188966705592224e-7 2.576017721033422e-6 2.9290120910561747e-7 4.3219636972481835e-7 -5.162163757209656e-7 5.050836288254917e-6 5.973944433585056e-7 -4.111164937644783e-6 1.720909466088444e-6 9.043579323970168e-7 -1.3061497067341492e-7 -5.868695531498736e-6 -8.843054754620667e-7 4.994306532361619e-6 2.4824677030426096e-7
-7.831755537997069e-7 -1.7404164916144092e-6 -1.3431485112068446e-8 8.283209444732352e-8 3.437444267094232e-8 -5.721772221618533e-8 7.984585024984996e-6 1.8317390149027802e-6 2.4996087513930494e-7 -4.675371498223268e-6 -1.9487060837968223e-6 -2.5374960582967846e-7 2.111844841152764e-6 8.01869855601174e-8 2.730653750169967e-6 2.6268454867004137e-6 4.9479844604388705e-6 9.259068389686915e-7 4.313775901314444e-6 6.678616234844768e-7 3.487215507423833e-6 1.4153183339577411e-6 -2.1252529031863656e-6 5.037164682254453e-7 -3.367887883286437e-6 -2.459308193455147e-6 -1.5492272946397719e-6 -2.4695614585659947e-7 4.269941698646466e-6 -6.132000263991845e-7 -1.9893695674851476e-6 -2.4841818347641815e-6
-2.1233085959597574e-6 -8.64442387377013e-7 -1.0912988309841238e-6 6.40263621968945e-8 7.204539936081859e-7 2.555293894188927e-7 1.8317390149027802e-6 5.890286996916366e-6 -3.0419931310182083e-6 -1.7992250537440304e-6 -7.167991054323697e-8 -7.487772857385208e-7 9.314835643199999e-7 -3.940329554718956e-7 1.840498418859007e-6 1.3736649407689521e-6 8.610019623803954e-6 -1.1501063076043963e-8 -1.864063055227628e-6 -4.948079236253212e-7 1.9352780182237145e-6 -4.0955361019925885e-8 -2.481073332489846e-6 -2.7048935200748826e-10 1.5067783542748245e-6 4.081305248631938e-9 -3.5473041534006928e-6 5.09333468782695e-7 9.363422142260685e-6 4.991551479523081e-7 -4.97154824225738e-6 1.2831318625942762e-6
1.8010865403581188e-6 -2.9278815460983336e-8 9.962909771834729e-8 3.841264298612578e-7 -7.058553376683896e-7 -3.36022696804809e-8 2.4996087513930494e-7 -3.0419931310182083e-6 1.6083689118899248e-5 -1.3990919807592244e-6 2.3156180865840606e-6 -4.316576227436186e-7 -1.5329336707842847e-6 -1.0845658283438334e-7 2.4621159233068465e-6 -5.26038262066323e-6 -1.226308534781317e-5 -1.693906071856727e-6 -6.773044171005162e-9 -2.9810369591310515e-6 -1.6803731949905222e-6 -2.4107804585489543e-6 4.903788347593427e-6 -1.1569039051443005e-6 -5.140854244537415e-8 3.1369502788565973e-6 3.228114921071319e-6 -9.913855383759306e-7 -8.989325740232598e-7 1.321166664587375e-7 3.472680288549558e-6 4.413862515139498e-6
2.472260341267734e-7 -7.950415528287621e-8 -3.1724079297084795e-7 -1.3647490430510471e-7 -2.1481601955432658e-7 -5.390867613899888e-7 -4.675371498223268e-6 -1.7992250537440304e-6 -1.3990919807592244e-6 7.2496270938960795e-6 7.064582606712033e-7 -1.5786989425695632e-8 2.9825879604817013e-7 3.9036135423444056e-7 -4.1295203713095926e-6 -1.6379663971561486e-6 2.6238596576680943e-7 -2.7855757309867575e-7 -4.355391634047252e-6 -6.35311876499552e-7 -1.8950844069264108e-6 -3.552203204751087e-7 2.0804309711955547e-6 -6.786182836910066e-7 2.2104001254536636e-6 7.599265738236874e-7 -8.549567723295326e-7 3.4231688943563884e-7 -3.3175213392198076e-6 -3.54174546645606e-7 -3.416921465366669e-7 -7.633482722208119e-7
9.118475655747858e-7 8.651430760356843e-7 -5.5716445636811264e-6 -1.183099996634659e-6 3.33234478592618e-6 2.5051946970987644e-6 -1.9487060837968223e-6 -7.167991054323697e-8 2.3156180865840606e-6 7.064582606712033e-7 2.868912903857613e-5 -1.0031515123285773e-6 -2.8087851223099407e-5 2.288092061993562e-6 1.2251253680177322e-5 -3.3844574968508407e-6 -1.5527023088011733e-5 -1.506780959860984e-6 -2.4817829602854556e-5 2.9016100127743937e-6 3.746857364098381e-6 -2.675912347502995e-6 4.275280911309982e-5 -4.2673387100975594e-7 -8.320816671134174e-8 6.135694526039665e-6 -1.9409070200402098e-5 4.686952219251129e-7 -1.3180408405593931e-5 -2.247950232344051e-6 5.76808061735561e-6 8.583583410265975e-6
7.615200635948524e-7 5.053806001145126e-7 2.435423815965338e-6 -8.86321878105969e-7 -1.3552241203387825e-6 1.3666839373084454e-6 -2.5374960582967846e-7 -7.487772857385208e-7 -4.316576227436186e-7 -1.5786989425695632e-8 -1.0031515123285773e-6 8.328118048769946e-6 -4.441688591270732e-7 1.0486760846501842e-7 -4.139155567072764e-6 8.76540124252149e-7 -2.0956495234406564e-5 8.023199832946834e-7 7.624523060615919e-6 -2.1824311384319432e-7 -6.71781874528267e-6 -3.4543626072267214e-7 -3.1243253537628542e-6 -6.82954989809921e-7 -1.0994483515044738e-5 -3.9992417695629496e-7 1.4731455398468383e-5 1.9831085169103714e-7 -9.743827637040114e-6 8.855164302214539e-7 9.239263933730724e-6 -2.9607874930839612e-6
-2.696671088197338e-6 -1.1894021317902049e-6 5.861773404762874e-6 2.524045769778409e-6 -2.916453828683159e-6 -2.4372309160882202e-6 2.111844841152764e-6 9.314835643199999e-7 -1.5329336707842847e-6 2.9825879604817013e-7 -2.8087851223099407e-5 -4.441688591270732e-7 7.116457691291232e-5 -3.3002246370107057e-6 -2.027923855604151e-5 2.3415146597139504e-6 2.6484473383310974e-5 5.970591578400805e-7 1.5154588115433705e-5 -3.7618313415393806e-6 4.675942259055392e-6 3.058764881261256e-6 -3.175704136398407e-5 8.550359103497649e-7 1.2547043185426176e-6 -9.74687703196722e-6 1.3936768283596373e-5 1.0229705335337876e-6 1.4624525261337298e-5 5.5232768516808156e-6 -1.6371815704802455e-6 -1.2157344565788005e-5
6.73031561877756e-7 6.671112403215003e-7 3.450754811307384e-7 -3.8817295532575044e-7 1.8476233892600946e-7 7.119254415196527e-7 8.01869855601174e-8 -3.940329554718956e-7 -1.0845658283438334e-7 3.9036135423444056e-7 2.288092061993562e-6 1.0486760846501842e-7 -3.3002246370107057e-6 7.037347667602516e-6 -1.798288632826857e-6 -5.850765476613636e-7 -9.653841423568989e-6 -1.644738365971656e-7 -1.1177198496988198e-6 6.091661790246695e-7 -1.4180391230713582e-6 -7.329469166657827e-7 9.505523944877779e-6 6.417589620410383e-7 -4.065450923332059e-6 3.327757808552834e-7 3.8339605005879666e-6 -2.311497382178525e-8 -2.472262445837491e-6 -7.811991542511755e-7 2.471495881564597e-6 8.936358333887785e-7
-8.740487855217708e-7 -7.554457102023718e-7 -6.358984487091009e-6 5.688782951622648e-7 3.0701622662990212e-6 -5.263016149912708e-7 2.730653750169967e-6 1.840498418859007e-6 2.4621159233068465e-6 -4.1295203713095926e-6 1.2251253680177322e-5 -4.139155567072764e-6 -2.027923855604151e-5 -1.798288632826857e-6 3.438409500693241e-5 -2.794879165983663e-6 2.9923424855190065e-5 2.3415485824418613e-6 -2.2126613217078144e-5 2.2576308298288574e-6 6.69492015090928e-6 3.628759415044187e-7 1.0608056916112227e-5 1.3783645111854968e-7 8.206023959696376e-6 -3.9829543689673416e-6 -1.5163886281229872e-5 -1.2974205811087813e-6 1.0135181480044024e-5 -3.7202980664885904e-6 -1.0756824929170487e-5 1.037003537439796e-6
-3.5068416746699334e-7 -3.309500902960119e-7 1.402434373403601e-7 -4.7133105254796116e-7 -1.7002510108065703e-7 -5.572301044100161e-7 2.6268454867004137e-6 1.3736649407689521e-6 -5.26038262066323e-6 -1.6379663971561486e-6 -3.3844574968508407e-6 8.76540124252149e-7 2.3415146597139504e-6 -5.850765476613636e-7 -2.794879165983663e-6 8.28310456655559e-6 5.4809124116169285e-6 9.548960052969075e-7 2.462128929207621e-6 1.00395733385368e-6 -2.4628091987817586e-7 2.5225696473924773e-6 -6.720793844254478e-6 1.0087569789010141e-6 -4.370229214773652e-6 -8.073564854537479e-7 -1.6628843643228138e-6 1.1559069386042746e-6 7.860490797015648e-6 1.9420261304927783e-6 -4.506387524623463e-6 1.3286324127975323e-6
-9.901626618695863e-6 -9.123296968470635e-6 -1.4022964677802113e-5 8.847086301187806e-6 6.588452067565494e-6 -1.0939727295032174e-5 4.9479844604388705e-6 8.610019623803954e-6 -1.226308534781317e-5 2.6238596576680943e-7 -1.5527023088011733e-5 -2.0956495234406564e-5 2.6484473383310974e-5 -9.653841423568989e-6 2.9923424855190065e-5 5.4809124116169285e-6 0.0002458992423557891 6.898471357756429e-6 -6.0965040499782445e-5 -5.964319834518405e-6 3.927828211950793e-5 7.729010455855052e-6 -5.477926064911947e-5 -9.77989530446619e-7 5.006424314678919e-5 -1.7799241039120206e-5 -5.185261213757269e-5 2.8525915664420154e-6 9.715961144840698e-5 -6.465778650267164e-6 -6.603645441518456e-5 -1.4753765982617516e-5
-6.031451174289506e-7 -4.24248227425103e-7 2.1188170137445137e-7 1.7122227843899296e-7 -3.286288236100887e-7 -7.188966705592224e-7 9.259068389686915e-7 -1.1501063076043963e-8 -1.693906071856727e-6 -2.7855757309867575e-7 -1.506780959860984e-6 8.023199832946834e-7 5.970591578400805e-7 -1.644738365971656e-7 2.3415485824418613e-6 9.548960052969075e-7 6.898471357756429e-6 5.727573520438353e-6 -1.5330663775152295e-6 4.1090084949450653e-7 -2.564954033378701e-6 9.775554452630224e-7 -4.6103443270847695e-6 4.1369126644815553e-7 -4.03701173753761e-6 -2.086303724526208e-6 5.463631907568119e-6 -3.6228501239309016e-7 4.557800662186711e-6 -8.855422203223025e-7 -2.47958149879363e-6 -4.35839562036079e-6
1.999184647284934e-6 1.1120767816562e-6 1.2048498097292274e-5 -1.4000872844548573e-6 -8.072160833066734e-6 2.576017721033422e-6 4.313775901314444e-6 -1.864063055227628e-6 -6.773044171005162e-9 -4.355391634047252e-6 -2.4817829602854556e-5 7.624523060615919e-6 1.5154588115433705e-5 -1.1177198496988198e-6 -2.2126613217078144e-5 2.462128929207621e-6 -6.0965040499782445e-5 -1.5330663775152295e-6 9.342362947649974e-5 1.2738495247101707e-6 -3.057921689808017e-6 2.6473583731231013e-6 -3.766699322683459e-5 1.6420612874466839e-6 -9.687493260116617e-6 -6.1444167398852475e-6 1.9277145397473502e-5 -8.978127003002881e-6 -3.093152583245234e-5 -2.9701531791586896e-6 3.522682070695593e-5 -2.2189644866726272e-5
5.927179536791409e-7 2.49876203603849e-7 -2.6552028631601086e-8 -1.1258146004931482e-7 8.521084370964669e-8 2.9290120910561747e-7 6.678616234844768e-7 -4.948079236253212e-7 -2.9810369591310515e-6 -6.35311876499552e-7 2.9016100127743937e-6 -2.1824311384319432e-7 -3.7618313415393806e-6 6.091661790246695e-7 2.2576308298288574e-6 1.00395733385368e-6 -5.964319834518405e-6 4.1090084949450653e-7 1.2738495247101707e-6 1.0019305801064745e-5 5.700156814644535e-7 -2.393788588366819e-7 5.378124771747627e-6 1.8744270071172795e-7 -5.141040110521525e-7 -2.0232260228479923e-6 -4.1918488510807795e-6 1.0919626313016622e-7 -1.404219177927095e-5 2.1392292796742816e-6 -7.594262494344833e-7 5.509897005849594e-6
-3.4062788925966424e-6 -2.363841726835097e-6 -4.733019592119314e-6 1.8670808617379872e-6 4.438673105623783e-6 4.3219636972481835e-7 3.487215507423833e-6 1.9352780182237145e-6 -1.6803731949905222e-6 -1.8950844069264108e-6 3.746857364098381e-6 -6.71781874528267e-6 4.675942259055392e-6 -1.4180391230713582e-6 6.69492015090928e-6 -2.4628091987817586e-7 3.927828211950793e-5 -2.564954033378701e-6 -3.057921689808017e-6 5.700156814644535e-7 5.2943228870719886e-5 3.311971147795935e-6 2.199051131669945e-5 -3.6061406441148254e-7 3.285617213683366e-5 -3.174759780327049e-6 -5.030950390713026e-5 -5.0149199062170285e-6 -5.380857097956809e-7 -2.3136534049041746e-6 -3.4261639306912472e-6 1.1536162363870042e-7
-3.1294122173632545e-7 -3.2472437671926253e-7 -1.9116660318793226e-7 2.960569986767257e-7 -1.5724534486393698e-7 -5.162163757209656e-7 1.4153183339577411e-6 -4.0955361019925885e-8 -2.4107804585489543e-6 -3.552203204751087e-7 -2.675912347502995e-6 -3.4543626072267214e-7 3.058764881261256e-6 -7.329469166657827e-7 3.628759415044187e-7 2.5225696473924773e-6 7.729010455855052e-6 9.775554452630224e-7 2.6473583731231013e-6 -2.393788588366819e-7 3.311971147795935e-6 1.112254343822227e-5 -3.6487076822482146e-6 -2.6640997706350526e-6 1.4314380738502914e-7 -2.9315990947427894e-6 7.945544409010708e-8 2.513489443965031e-6 3.79948308926207e-6 -8.572644173290459e-7 -3.155810548113237e-6 -9.296217692607188e-6
