Var-Cov matrix of C:/Users/vmc04/Desktop/CLIC practice for workflow tutorial/Tree analysis/Field 18 scaled data for tutorial_PW_second attempt.txt
0.0000038 0.0000020 -0.0000001 0.0000003 -0.0000002 -0.0000001 0.0000007 0.0000027 0.0000031 -0.0000002 0.0000042 -0.0000001 0.0000045 0.0000001 -0.0000003 0.0000007 0.0000008 0.0000003 -0.0000143 -0.0000012 0.0000011 0.0000002 -0.0000064 0.0000001 -0.0000041 -0.0000004 -0.0000022 -0.0000009 -0.0000079 -0.0000018 0.0000024 -0.0000037
0.0000020 0.0000041 -0.0000000 0.0000014 0.0000012 -0.0000008 0.0000003 0.0000023 0.0000031 -0.0000008 0.0000005 -0.0000006 -0.0000020 -0.0000008 0.0000048 0.0000010 0.0000043 0.0000009 -0.0000053 -0.0000016 0.0000030 0.0000006 -0.0000068 -0.0000008 0.0000018 -0.0000030 -0.0000014 0.0000015 -0.0000079 0.0000015 0.0000006 -0.0000156
-0.0000001 -0.0000000 0.0000016 -0.0000004 0.0000005 -0.0000005 -0.0000014 -0.0000003 -0.0000018 -0.0000006 -0.0000029 0.0000011 0.0000025 -0.0000013 -0.0000018 0.0000019 -0.0000067 0.0000004 0.0000080 0.0000008 0.0000020 -0.0000019 0.0000054 -0.0000008 -0.0000064 -0.0000012 -0.0000088 0.0000004 -0.0000031 -0.0000000 0.0000005 -0.0000045
0.0000003 0.0000014 -0.0000004 0.0000030 0.0000010 -0.0000002 0.0000010 0.0000002 0.0000024 0.0000007 -0.0000031 -0.0000015 0.0000014 -0.0000005 0.0000004 -0.0000016 0.0000129 0.0000001 -0.0000000 -0.0000015 -0.0000018 0.0000009 0.0000009 -0.0000006 0.0000102 -0.0000005 0.0000080 -0.0000020 -0.0000097 0.0000027 -0.0000058 -0.0000085
-0.0000002 0.0000012 0.0000005 0.0000010 0.0000025 -0.0000002 0.0000024 -0.0000003 -0.0000019 0.0000017 -0.0000023 -0.0000012 -0.0000029 -0.0000012 0.0000027 -0.0000002 0.0000033 0.0000012 0.0000046 0.0000002 0.0000027 -0.0000002 0.0000042 -0.0000005 0.0000006 -0.0000032 -0.0000005 -0.0000013 -0.0000075 0.0000029 -0.0000018 -0.0000062
-0.0000001 -0.0000008 -0.0000005 -0.0000002 -0.0000002 0.0000036 -0.0000001 0.0000019 0.0000014 0.0000014 -0.0000009 -0.0000007 0.0000050 0.0000019 -0.0000041 -0.0000003 0.0000052 0.0000015 -0.0000016 0.0000019 -0.0000055 0.0000011 -0.0000004 -0.0000009 0.0000054 -0.0000012 0.0000033 0.0000003 0.0000075 -0.0000007 0.0000040 0.0000088
0.0000007 0.0000003 -0.0000014 0.0000010 0.0000024 -0.0000001 0.0000093 -0.0000002 -0.0000005 0.0000058 0.0000052 -0.0000034 -0.0000078 -0.0000006 0.0000061 -0.0000073 0.0000085 0.0000019 -0.0000095 -0.0000000 -0.0000023 0.0000038 -0.0000069 -0.0000001 0.0000093 -0.0000012 0.0000106 -0.0000019 -0.0000051 0.0000008 -0.0000059 0.0000067
0.0000027 0.0000023 -0.0000003 0.0000002 -0.0000003 0.0000019 -0.0000002 0.0000050 0.0000045 0.0000002 0.0000020 -0.0000011 0.0000022 0.0000018 -0.0000008 0.0000012 0.0000025 0.0000018 -0.0000094 0.0000008 -0.0000010 0.0000006 -0.0000051 -0.0000007 0.0000020 -0.0000015 -0.0000016 0.0000011 0.0000015 -0.0000012 0.0000055 0.0000006
0.0000031 0.0000031 -0.0000018 0.0000024 -0.0000019 0.0000014 -0.0000005 0.0000045 0.0000156 -0.0000007 0.0000056 -0.0000020 0.0000060 0.0000023 -0.0000041 -0.0000040 0.0000193 0.0000002 -0.0000196 -0.0000057 -0.0000179 0.0000062 -0.0000142 -0.0000025 0.0000157 0.0000052 0.0000112 0.0000012 0.0000069 -0.0000025 0.0000032 -0.0000176
-0.0000002 -0.0000008 -0.0000006 0.0000007 0.0000017 0.0000014 0.0000058 0.0000002 -0.0000007 0.0000053 0.0000009 -0.0000032 -0.0000036 0.0000001 0.0000022 -0.0000056 0.0000089 0.0000014 -0.0000013 0.0000013 -0.0000041 0.0000021 0.0000030 0.0000012 0.0000072 -0.0000012 0.0000063 -0.0000023 -0.0000001 0.0000011 -0.0000032 0.0000046
0.0000042 0.0000005 -0.0000029 -0.0000031 -0.0000023 -0.0000009 0.0000052 0.0000020 0.0000056 0.0000009 0.0000229 -0.0000006 -0.0000076 0.0000034 0.0000045 -0.0000039 -0.0000096 -0.0000011 -0.0000386 -0.0000031 -0.0000052 0.0000067 -0.0000291 0.0000009 -0.0000212 0.0000042 -0.0000034 0.0000047 0.0000082 -0.0000042 0.0000189 0.0000045
-0.0000001 -0.0000006 0.0000011 -0.0000015 -0.0000012 -0.0000007 -0.0000034 -0.0000011 -0.0000020 -0.0000032 -0.0000006 0.0000054 0.0000037 -0.0000003 -0.0000037 0.0000041 -0.0000148 -0.0000007 0.0000006 0.0000001 0.0000031 -0.0000027 -0.0000035 -0.0000024 -0.0000106 -0.0000002 -0.0000110 0.0000014 0.0000030 -0.0000016 -0.0000012 0.0000060
0.0000045 -0.0000020 0.0000025 0.0000014 -0.0000029 0.0000050 -0.0000078 0.0000022 0.0000060 -0.0000036 -0.0000076 0.0000037 0.0000509 -0.0000003 -0.0000311 0.0000067 0.0000092 -0.0000005 -0.0000033 -0.0000035 -0.0000166 -0.0000016 -0.0000020 -0.0000056 0.0000045 0.0000016 0.0000002 -0.0000052 -0.0000169 -0.0000073 0.0000044 0.0000078
0.0000001 -0.0000008 -0.0000013 -0.0000005 -0.0000012 0.0000019 -0.0000006 0.0000018 0.0000023 0.0000001 0.0000034 -0.0000003 -0.0000003 0.0000033 -0.0000021 0.0000001 0.0000016 0.0000001 -0.0000072 0.0000007 -0.0000041 0.0000015 -0.0000041 0.0000006 0.0000000 0.0000013 0.0000033 0.0000005 0.0000078 -0.0000003 0.0000064 0.0000103
-0.0000003 0.0000048 -0.0000018 0.0000004 0.0000027 -0.0000041 0.0000061 -0.0000008 -0.0000041 0.0000022 0.0000045 -0.0000037 -0.0000311 -0.0000021 0.0000344 -0.0000071 0.0000062 0.0000041 -0.0000043 0.0000036 0.0000100 0.0000005 -0.0000016 0.0000045 0.0000136 -0.0000100 0.0000098 0.0000072 -0.0000125 0.0000026 -0.0000080 -0.0000151
0.0000007 0.0000010 0.0000019 -0.0000016 -0.0000002 -0.0000003 -0.0000073 0.0000012 -0.0000040 -0.0000056 -0.0000039 0.0000041 0.0000067 0.0000001 -0.0000071 0.0000126 -0.0000172 -0.0000018 0.0000067 -0.0000002 0.0000140 -0.0000058 0.0000039 -0.0000010 -0.0000224 -0.0000022 -0.0000187 -0.0000005 -0.0000028 0.0000015 0.0000100 -0.0000001
0.0000008 0.0000043 -0.0000067 0.0000129 0.0000033 0.0000052 0.0000085 0.0000025 0.0000193 0.0000089 -0.0000096 -0.0000148 0.0000092 0.0000016 0.0000062 -0.0000172 0.0001040 0.0000014 -0.0000153 -0.0000103 -0.0000335 0.0000107 0.0000065 0.0000045 0.0000979 -0.0000006 0.0000826 -0.0000144 -0.0000221 0.0000062 -0.0000290 -0.0000218
0.0000003 0.0000009 0.0000004 0.0000001 0.0000012 0.0000015 0.0000019 0.0000018 0.0000002 0.0000014 -0.0000011 -0.0000007 -0.0000005 0.0000001 0.0000041 -0.0000018 0.0000014 0.0000050 0.0000017 0.0000035 -0.0000041 0.0000005 0.0000008 -0.0000032 0.0000106 -0.0000048 0.0000031 0.0000032 -0.0000039 -0.0000018 -0.0000009 0.0000060
-0.0000143 -0.0000053 0.0000080 -0.0000000 0.0000046 -0.0000016 -0.0000095 -0.0000094 -0.0000196 -0.0000013 -0.0000386 0.0000006 -0.0000033 -0.0000072 -0.0000043 0.0000067 -0.0000153 0.0000017 0.0001019 0.0000087 0.0000092 -0.0000117 0.0000624 -0.0000009 0.0000073 -0.0000064 -0.0000196 0.0000005 0.0000022 0.0000090 -0.0000153 -0.0000131
-0.0000012 -0.0000016 0.0000008 -0.0000015 0.0000002 0.0000019 -0.0000000 0.0000008 -0.0000057 0.0000013 -0.0000031 0.0000001 -0.0000035 0.0000007 0.0000036 -0.0000002 -0.0000103 0.0000035 0.0000087 0.0000081 0.0000049 -0.0000023 0.0000085 0.0000002 -0.0000023 -0.0000036 -0.0000052 0.0000030 0.0000024 -0.0000011 0.0000001 0.0000149
0.0000011 0.0000030 0.0000020 -0.0000018 0.0000027 -0.0000055 -0.0000023 -0.0000010 -0.0000179 -0.0000041 -0.0000052 0.0000031 -0.0000166 -0.0000041 0.0000100 0.0000140 -0.0000335 -0.0000041 0.0000092 0.0000049 0.0000527 -0.0000115 0.0000100 0.0000066 -0.0000390 -0.0000033 -0.0000263 -0.0000051 -0.0000152 0.0000063 -0.0000058 -0.0000004
0.0000002 0.0000006 -0.0000019 0.0000009 -0.0000002 0.0000011 0.0000038 0.0000006 0.0000062 0.0000021 0.0000067 -0.0000027 -0.0000016 0.0000015 0.0000005 -0.0000058 0.0000107 0.0000005 -0.0000117 -0.0000023 -0.0000115 0.0000064 -0.0000141 -0.0000014 0.0000075 0.0000025 0.0000099 0.0000023 0.0000055 -0.0000002 0.0000046 -0.0000045
-0.0000064 -0.0000068 0.0000054 0.0000009 0.0000042 -0.0000004 -0.0000069 -0.0000051 -0.0000142 0.0000030 -0.0000291 -0.0000035 -0.0000020 -0.0000041 -0.0000016 0.0000039 0.0000065 0.0000008 0.0000624 0.0000085 0.0000100 -0.0000141 0.0000881 0.0000082 0.0000053 -0.0000016 -0.0000050 -0.0000147 -0.0000080 0.0000056 -0.0000198 -0.0000079
0.0000001 -0.0000008 -0.0000008 -0.0000006 -0.0000005 -0.0000009 -0.0000001 -0.0000007 -0.0000025 0.0000012 0.0000009 -0.0000024 -0.0000056 0.0000006 0.0000045 -0.0000010 0.0000045 -0.0000032 -0.0000009 0.0000002 0.0000066 -0.0000014 0.0000082 0.0000087 -0.0000027 0.0000027 0.0000033 -0.0000046 0.0000013 0.0000011 -0.0000022 -0.0000021
-0.0000041 0.0000018 -0.0000064 0.0000102 0.0000006 0.0000054 0.0000093 0.0000020 0.0000157 0.0000072 -0.0000212 -0.0000106 0.0000045 0.0000000 0.0000136 -0.0000224 0.0000979 0.0000106 0.0000073 -0.0000023 -0.0000390 0.0000075 0.0000053 -0.0000027 0.0001678 -0.0000004 0.0001153 -0.0000097 -0.0000008 -0.0000090 -0.0000696 0.0000407
-0.0000004 -0.0000030 -0.0000012 -0.0000005 -0.0000032 -0.0000012 -0.0000012 -0.0000015 0.0000052 -0.0000012 0.0000042 -0.0000002 0.0000016 0.0000013 -0.0000100 -0.0000022 -0.0000006 -0.0000048 -0.0000064 -0.0000036 -0.0000033 0.0000025 -0.0000016 0.0000027 -0.0000004 0.0000151 0.0000075 -0.0000055 0.0000177 -0.0000035 -0.0000053 0.0000038
-0.0000022 -0.0000014 -0.0000088 0.0000080 -0.0000005 0.0000033 0.0000106 -0.0000016 0.0000112 0.0000063 -0.0000034 -0.0000110 0.0000002 0.0000033 0.0000098 -0.0000187 0.0000826 0.0000031 -0.0000196 -0.0000052 -0.0000263 0.0000099 -0.0000050 0.0000033 0.0001153 0.0000075 0.0001044 -0.0000135 -0.0000055 -0.0000047 -0.0000450 0.0000409
-0.0000009 0.0000015 0.0000004 -0.0000020 -0.0000013 0.0000003 -0.0000019 0.0000011 0.0000012 -0.0000023 0.0000047 0.0000014 -0.0000052 0.0000005 0.0000072 -0.0000005 -0.0000144 0.0000032 0.0000005 0.0000030 -0.0000051 0.0000023 -0.0000147 -0.0000046 -0.0000097 -0.0000055 -0.0000135 0.0000143 0.0000065 -0.0000014 0.0000160 -0.0000080
-0.0000079 -0.0000079 -0.0000031 -0.0000097 -0.0000075 0.0000075 -0.0000051 0.0000015 0.0000069 -0.0000001 0.0000082 0.0000030 -0.0000169 0.0000078 -0.0000125 -0.0000028 -0.0000221 -0.0000039 0.0000022 0.0000024 -0.0000152 0.0000055 -0.0000080 0.0000013 -0.0000008 0.0000177 -0.0000055 0.0000065 0.0001099 -0.0000090 0.0000128 0.0000346
-0.0000018 0.0000015 -0.0000000 0.0000027 0.0000029 -0.0000007 0.0000008 -0.0000012 -0.0000025 0.0000011 -0.0000042 -0.0000016 -0.0000073 -0.0000003 0.0000026 0.0000015 0.0000062 -0.0000018 0.0000090 -0.0000011 0.0000063 -0.0000002 0.0000056 0.0000011 -0.0000090 -0.0000035 -0.0000047 -0.0000014 -0.0000090 0.0000096 0.0000031 -0.0000178
0.0000024 0.0000006 0.0000005 -0.0000058 -0.0000018 0.0000040 -0.0000059 0.0000055 0.0000032 -0.0000032 0.0000189 -0.0000012 0.0000044 0.0000064 -0.0000080 0.0000100 -0.0000290 -0.0000009 -0.0000153 0.0000001 -0.0000058 0.0000046 -0.0000198 -0.0000022 -0.0000696 -0.0000053 -0.0000450 0.0000160 0.0000128 0.0000031 0.0000699 -0.0000199
-0.0000037 -0.0000156 -0.0000045 -0.0000085 -0.0000062 0.0000088 0.0000067 0.0000006 -0.0000176 0.0000046 0.0000045 0.0000060 0.0000078 0.0000103 -0.0000151 -0.0000001 -0.0000218 0.0000060 -0.0000131 0.0000149 -0.0000004 -0.0000045 -0.0000079 -0.0000021 0.0000407 0.0000038 0.0000409 -0.0000080 0.0000346 -0.0000178 -0.0000199 0.0001730