
Fichier : C:/Users/vmc04/Documents/GitHub/wingproj/Gomez analysis plan/Field 18 Procrustes analysis MOG composite/Field 18 landmarks composite/2017_09_06 Field 18 landmarks scaled_PW.txt
 - - - Bottom left button WRAP to read LONG LINES - - - hit 2 times the very first time - - - - Bottom left button WRAP to read LONG LINE  - - - - - - then only 1 time is enough - - - -

Sub-matrix: descriptive statistics.  
Creates sub-matrices from an initial, input matrix. 
Each sub-matrix is saved as a separate file.
For instance, if you enter 20 24 29, three files are created with names  
ending by _1.txt, _2.txt and _3.txt, containing the 20 first, 24 following and 29 ending lines of the total input matrix, respectively.

If more than one individual by group, computes Variance-Covariance matrix of each group. 
Also computes table of group means and standard deviations

Additional buttons appear at the end of the report to 
compute Euclidian or Procrustes distances between group means 
depending on the nature of the input matrix, either _PW.txt or _Format.txt



C:/Users/vmc04/Documents/GitHub/wingproj/Gomez analysis plan/Field 18 Procrustes analysis MOG composite/Field 18 landmarks composite/2017_09_06 Field 18 landmarks scaled_PW.txt 

C:/Users/vmc04/Documents/GitHub/wingproj/Gomez analysis plan/2017_09_06 Field 18 landmarks scaled - partial warps scores - U1 y U2 en las dos ultimas columnas - Field 18 landmarks for analysis- 17 50 47 45 54 17 11 or 67-92-71-11 or 159-71-11 

Numero de variables =	32

Numero de individuos =	241

Matrix X:	----------------------------------start---


   0.000   -0.001   -0.001   -0.004   -0.002    0.002    0.001    0.000   -0.003   -0.001    0.001    0.002   -0.002    0.002    0.000    0.005   -0.019    0.004   -0.010    0.003   -0.021    0.002   -0.005    0.001   -0.034   -0.001    0.016   -0.004    0.011   -0.000    0.009    0.014
   0.002    0.002    0.000   -0.003    0.002   -0.002    0.001   -0.002    0.001    0.001   -0.001   -0.002    0.014   -0.001   -0.003   -0.000   -0.004   -0.003   -0.011    0.001   -0.002   -0.003    0.021    0.004   -0.007    0.002    0.006   -0.002   -0.018    0.003    0.001    0.022
   0.000    0.000   -0.000   -0.000    0.002    0.000    0.001    0.002    0.004    0.003   -0.003   -0.004   -0.000   -0.001   -0.004   -0.001    0.014   -0.006   -0.006   -0.003    0.006   -0.001   -0.010   -0.001    0.011    0.001   -0.014    0.004   -0.008    0.005   -0.001    0.014
   0.001    0.001   -0.001    0.001    0.001   -0.003    0.002   -0.002   -0.003    0.002    0.003   -0.004   -0.013    0.001    0.004   -0.001    0.012   -0.002   -0.008    0.009    0.010   -0.001    0.010   -0.004    0.018    0.000   -0.019   -0.001   -0.009    0.006    0.005    0.022
   0.001    0.001   -0.003    0.001    0.004    0.000   -0.000    0.000    0.004   -0.003    0.004   -0.003   -0.008    0.001    0.017   -0.006    0.010    0.003   -0.018    0.001   -0.005   -0.004   -0.003    0.002   -0.004    0.003    0.008    0.003   -0.000   -0.010    0.004   -0.001
  -0.000    0.000   -0.001    0.001   -0.000    0.000    0.001    0.002   -0.002   -0.003    0.004   -0.003   -0.006   -0.001    0.003    0.003    0.019    0.002   -0.009   -0.001   -0.014    0.001   -0.005    0.003   -0.004    0.003   -0.002    0.004    0.017   -0.003   -0.009    0.013
  -0.003    0.001   -0.001   -0.002    0.002   -0.001    0.003    0.004   -0.003   -0.002   -0.003   -0.004    0.001    0.000   -0.003   -0.001    0.011    0.001    0.006   -0.002    0.012   -0.000   -0.005   -0.001    0.008   -0.000   -0.001   -0.011   -0.007   -0.004    0.001   -0.012
   0.001   -0.000    0.000   -0.003   -0.001   -0.000   -0.004   -0.000    0.004    0.004   -0.003    0.004    0.015   -0.001   -0.000   -0.006    0.001   -0.002    0.003   -0.002    0.001   -0.002   -0.012   -0.005    0.005   -0.005   -0.007   -0.001   -0.007    0.001    0.010   -0.008
  -0.001   -0.003   -0.003    0.003    0.001   -0.000    0.001    0.001   -0.002    0.003    0.001   -0.004    0.001    0.001    0.002   -0.001    0.016   -0.003   -0.007    0.002    0.004    0.004    0.003   -0.002    0.023    0.002   -0.021    0.005   -0.019    0.007   -0.002    0.008
  -0.001   -0.001   -0.003   -0.000   -0.001    0.000   -0.004   -0.003    0.006    0.001    0.002   -0.004    0.007    0.002    0.006   -0.002    0.027    0.002   -0.020   -0.001   -0.008   -0.004    0.004   -0.000   -0.006    0.001    0.001    0.001    0.021   -0.001   -0.001    0.003
  -0.002   -0.001   -0.001    0.005    0.004    0.002    0.001    0.001    0.003   -0.001    0.004   -0.005   -0.003    0.002    0.013   -0.003    0.021   -0.000   -0.024    0.002    0.008    0.005    0.025   -0.002    0.007    0.001   -0.012    0.000    0.010    0.001   -0.024    0.015
  -0.002    0.001   -0.000    0.002   -0.001   -0.003    0.001    0.003    0.001   -0.003    0.001   -0.004    0.002    0.002   -0.008   -0.000    0.005   -0.004   -0.002   -0.004    0.006    0.002   -0.000   -0.003   -0.002   -0.003    0.004    0.001    0.002    0.001    0.012    0.003
  -0.002   -0.003   -0.001    0.000    0.001    0.003    0.000   -0.001    0.000    0.000   -0.004   -0.003    0.011    0.002   -0.006   -0.002    0.016    0.001   -0.002    0.004    0.004   -0.004   -0.003    0.006    0.006   -0.002   -0.014   -0.004    0.013   -0.000   -0.006    0.025
  -0.001    0.001   -0.005   -0.002    0.003   -0.003   -0.001    0.004   -0.002    0.001    0.007   -0.006    0.002    0.003    0.006    0.002    0.023    0.001   -0.025   -0.002    0.008   -0.001    0.016   -0.005    0.013    0.004   -0.019   -0.002    0.019   -0.001   -0.013    0.021
   0.001   -0.000   -0.002   -0.002    0.001   -0.004    0.005    0.000    0.000   -0.001    0.004   -0.002   -0.013   -0.001    0.009   -0.001    0.010   -0.003   -0.005    0.002    0.001    0.001    0.006    0.002    0.004   -0.003   -0.029   -0.001   -0.010   -0.003    0.000    0.006
   0.002   -0.004   -0.005   -0.002    0.003   -0.001    0.001    0.003    0.001    0.002    0.009   -0.005   -0.018    0.003    0.010   -0.002    0.028   -0.002   -0.018    0.005    0.002   -0.005   -0.006   -0.001    0.015    0.001   -0.024   -0.002    0.005   -0.004   -0.013    0.021
  -0.001   -0.002   -0.002   -0.001   -0.000   -0.004   -0.000    0.001   -0.006   -0.001   -0.009    0.003    0.004    0.002   -0.002    0.004    0.024    0.003   -0.003   -0.004   -0.002    0.002   -0.006    0.004    0.004   -0.002   -0.001   -0.002   -0.009   -0.003    0.008    0.000
   0.002   -0.002    0.001    0.000   -0.001    0.001   -0.000   -0.000    0.002    0.000   -0.008   -0.002    0.005   -0.000   -0.008   -0.001    0.002    0.001    0.011    0.002    0.000   -0.000   -0.009    0.001    0.009    0.004   -0.008   -0.000   -0.013   -0.001   -0.005    0.015
  -0.001    0.001    0.001   -0.003   -0.002    0.001   -0.001   -0.001    0.002    0.001   -0.001   -0.001    0.001   -0.001    0.005    0.001   -0.013   -0.001   -0.001    0.001   -0.007    0.005    0.007   -0.002    0.004   -0.001   -0.014    0.003   -0.007    0.001   -0.008    0.006
   0.000    0.001    0.002    0.003   -0.003    0.001    0.000   -0.002    0.001    0.000   -0.004   -0.005   -0.002    0.001   -0.003    0.000   -0.003   -0.001    0.018    0.001   -0.003    0.000    0.001    0.002    0.006    0.001   -0.010   -0.004    0.000   -0.004    0.009   -0.013
  -0.003   -0.002    0.001   -0.000    0.001    0.003    0.004    0.002    0.007   -0.001   -0.005    0.002    0.011    0.001   -0.006   -0.002   -0.006   -0.003    0.001   -0.004    0.001   -0.000   -0.000    0.000   -0.007    0.000    0.000    0.001    0.009    0.000   -0.010   -0.017
  -0.002   -0.004   -0.002    0.002    0.003   -0.001   -0.002   -0.002   -0.001    0.005   -0.003   -0.004    0.017   -0.002    0.000   -0.002    0.012   -0.003   -0.005    0.000    0.007   -0.003    0.008    0.005    0.019   -0.003   -0.027   -0.002   -0.009    0.008   -0.001    0.012
  -0.002   -0.002   -0.002   -0.001    0.001   -0.002   -0.000    0.002   -0.002    0.001   -0.002   -0.004    0.009   -0.004    0.001   -0.003    0.009    0.001   -0.006    0.005    0.001   -0.001   -0.001   -0.003    0.013    0.000   -0.005   -0.001   -0.016    0.004   -0.009    0.010
  -0.003   -0.002   -0.000    0.000    0.004    0.003    0.002    0.004    0.000    0.001   -0.002   -0.003    0.005    0.002   -0.002    0.002    0.003   -0.001   -0.005   -0.004    0.004    0.002    0.007    0.004   -0.010    0.001    0.010    0.000    0.010   -0.002   -0.007    0.003
   0.000   -0.001    0.002    0.001    0.001   -0.002    0.003   -0.001   -0.002   -0.000   -0.006   -0.000    0.009   -0.001   -0.009    0.001   -0.003    0.001    0.003    0.001   -0.006   -0.004   -0.000    0.001   -0.010   -0.005    0.012   -0.003   -0.003   -0.005   -0.009    0.015
  -0.001   -0.000   -0.002    0.001   -0.001   -0.003   -0.004   -0.002    0.004    0.003   -0.000   -0.003   -0.001   -0.001    0.003   -0.005    0.011    0.001   -0.004    0.002   -0.001   -0.002    0.006    0.006    0.014    0.001   -0.019   -0.002   -0.009    0.001   -0.012    0.021
   0.002   -0.001   -0.000    0.001   -0.001   -0.004    0.003   -0.002    0.012    0.000   -0.004   -0.004    0.006    0.001   -0.005    0.002    0.006   -0.000    0.000    0.003    0.000    0.002   -0.009   -0.003   -0.004   -0.000   -0.008   -0.002    0.001    0.001   -0.003   -0.001
  -0.001   -0.004    0.001   -0.001   -0.001    0.003    0.002    0.001    0.000   -0.000   -0.006    0.001    0.012   -0.004   -0.002   -0.000   -0.001   -0.000    0.015    0.001   -0.003    0.000   -0.015    0.001   -0.014   -0.002   -0.002    0.003   -0.008   -0.001   -0.006    0.008
  -0.002    0.001   -0.000    0.001   -0.001    0.000    0.000   -0.000    0.008    0.001    0.005   -0.002    0.000   -0.001    0.004   -0.003   -0.002   -0.002   -0.008    0.003   -0.006   -0.003    0.008   -0.002   -0.006   -0.002   -0.013   -0.001    0.006   -0.001   -0.015    0.011
   0.001   -0.002    0.000   -0.001   -0.000   -0.003   -0.003    0.001    0.002    0.002    0.003    0.000   -0.002    0.006   -0.006    0.002   -0.007   -0.005   -0.014   -0.004   -0.010    0.000   -0.006   -0.004    0.005    0.009   -0.010    0.006    0.031   -0.001   -0.004    0.016 
...
etc. etc.

Matrix X:	----------------------------------end----


Group(s): 7
Group size(s): 17 50 47 45 54 17 11

Sub-matrix 1:	 17 rows 	32 cols

VarCov Matrix of group 1 

0.0000026 0.0000003 0.0000000 -0.0000012 0.0000003 -0.0000006 0.0000001 -0.0000013 0.0000012 0.0000011 0.0000026 0.0000011 -0.0000051 -0.0000007 0.0000045 -0.0000011 -0.0000055 -0.0000012 -0.0000024 0.0000024 -0.0000039 -0.0000019 -0.0000003 0.0000003 -0.0000022 0.0000001 -0.0000025 0.0000017 -0.0000061 -0.0000002 0.0000020 0.0000048
0.0000003 0.0000029 0.0000011 -0.0000004 0.0000001 -0.0000011 0.0000000 0.0000000 0.0000006 -0.0000010 0.0000005 -0.0000002 0.0000022 -0.0000012 -0.0000008 -0.0000002 -0.0000088 -0.0000008 0.0000008 -0.0000016 0.0000009 -0.0000003 0.0000047 -0.0000012 -0.0000051 0.0000005 0.0000082 -0.0000002 -0.0000030 0.0000002 0.0000050 -0.0000031
0.0000000 0.0000011 0.0000024 0.0000002 -0.0000010 0.0000006 0.0000001 -0.0000007 0.0000002 -0.0000003 -0.0000036 0.0000017 0.0000063 -0.0000015 -0.0000061 -0.0000001 -0.0000112 -0.0000014 0.0000084 -0.0000009 -0.0000007 0.0000010 -0.0000013 0.0000007 -0.0000056 -0.0000019 0.0000077 -0.0000003 -0.0000072 0.0000026 0.0000058 -0.0000027
-0.0000012 -0.0000004 0.0000002 0.0000050 0.0000011 0.0000013 0.0000003 0.0000002 0.0000014 -0.0000010 0.0000013 -0.0000032 -0.0000032 0.0000005 0.0000028 -0.0000018 0.0000107 -0.0000009 -0.0000047 0.0000007 0.0000054 0.0000029 0.0000070 -0.0000010 0.0000106 0.0000011 -0.0000050 0.0000046 0.0000025 0.0000018 -0.0000084 0.0000021
0.0000003 0.0000001 -0.0000010 0.0000011 0.0000033 0.0000002 0.0000010 0.0000010 0.0000014 -0.0000001 0.0000031 -0.0000030 -0.0000059 0.0000005 0.0000070 -0.0000024 0.0000084 -0.0000006 -0.0000079 0.0000013 0.0000080 -0.0000010 0.0000078 -0.0000004 0.0000108 0.0000023 -0.0000074 0.0000001 -0.0000016 -0.0000020 -0.0000105 0.0000042
-0.0000006 -0.0000011 0.0000006 0.0000013 0.0000002 0.0000047 -0.0000011 -0.0000007 0.0000029 0.0000001 -0.0000005 -0.0000004 0.0000046 0.0000001 0.0000005 -0.0000016 -0.0000034 0.0000016 -0.0000025 0.0000012 -0.0000054 -0.0000003 -0.0000032 0.0000013 -0.0000081 0.0000003 0.0000074 0.0000006 0.0000114 0.0000001 -0.0000065 0.0000024
0.0000001 0.0000000 0.0000001 0.0000003 0.0000010 -0.0000011 0.0000043 0.0000014 -0.0000030 -0.0000014 0.0000014 -0.0000015 -0.0000115 -0.0000006 0.0000005 0.0000014 -0.0000027 -0.0000015 0.0000037 0.0000023 0.0000036 0.0000022 0.0000028 0.0000014 0.0000039 0.0000003 -0.0000083 -0.0000016 -0.0000098 -0.0000000 -0.0000023 0.0000037
-0.0000013 0.0000000 -0.0000007 0.0000002 0.0000010 -0.0000007 0.0000014 0.0000045 -0.0000020 -0.0000011 0.0000020 -0.0000019 -0.0000057 0.0000005 -0.0000009 0.0000013 0.0000054 -0.0000006 0.0000010 -0.0000030 0.0000060 0.0000018 -0.0000039 -0.0000024 0.0000070 0.0000010 -0.0000043 -0.0000011 0.0000030 -0.0000022 -0.0000053 -0.0000038
0.0000012 0.0000006 0.0000002 0.0000014 0.0000014 0.0000029 -0.0000030 -0.0000020 0.0000102 0.0000012 0.0000030 -0.0000020 0.0000045 -0.0000005 0.0000071 -0.0000069 0.0000031 -0.0000022 -0.0000085 -0.0000008 0.0000008 -0.0000043 0.0000005 -0.0000015 -0.0000018 -0.0000001 0.0000014 0.0000042 0.0000077 -0.0000011 -0.0000039 -0.0000042
0.0000011 -0.0000010 -0.0000003 -0.0000010 -0.0000001 0.0000001 -0.0000014 -0.0000011 0.0000012 0.0000045 -0.0000003 0.0000004 0.0000042 -0.0000003 -0.0000012 -0.0000013 0.0000016 -0.0000028 -0.0000003 0.0000016 0.0000050 -0.0000013 -0.0000002 -0.0000026 0.0000121 -0.0000003 -0.0000131 0.0000011 -0.0000081 0.0000056 -0.0000013 0.0000061
0.0000026 0.0000005 -0.0000036 0.0000013 0.0000031 -0.0000005 0.0000014 0.0000020 0.0000030 -0.0000003 0.0000190 -0.0000072 -0.0000263 0.0000015 0.0000213 -0.0000019 0.0000103 -0.0000003 -0.0000273 0.0000059 -0.0000009 -0.0000012 0.0000183 -0.0000052 0.0000048 0.0000056 -0.0000177 0.0000038 0.0000210 -0.0000034 -0.0000213 0.0000173
0.0000011 -0.0000002 0.0000017 -0.0000032 -0.0000030 -0.0000004 -0.0000015 -0.0000019 -0.0000020 0.0000004 -0.0000072 0.0000083 0.0000092 -0.0000009 -0.0000051 0.0000014 -0.0000172 0.0000021 0.0000133 -0.0000019 -0.0000114 0.0000006 -0.0000137 0.0000022 -0.0000163 -0.0000045 0.0000135 -0.0000019 -0.0000101 -0.0000011 0.0000174 -0.0000131
-0.0000051 0.0000022 0.0000063 -0.0000032 -0.0000059 0.0000046 -0.0000115 -0.0000057 0.0000045 0.0000042 -0.0000263 0.0000092 0.0000876 -0.0000022 -0.0000386 -0.0000010 -0.0000275 0.0000009 0.0000251 -0.0000155 -0.0000017 -0.0000036 -0.0000003 0.0000039 -0.0000230 -0.0000067 0.0000481 -0.0000058 -0.0000040 0.0000108 0.0000242 -0.0000196
-0.0000007 -0.0000012 -0.0000015 0.0000005 0.0000005 0.0000001 -0.0000006 0.0000005 -0.0000005 -0.0000003 0.0000015 -0.0000009 -0.0000022 0.0000023 0.0000023 0.0000004 0.0000066 0.0000018 -0.0000063 0.0000009 0.0000012 0.0000000 0.0000025 -0.0000009 0.0000007 0.0000004 -0.0000001 -0.0000009 0.0000092 -0.0000016 -0.0000032 0.0000027
0.0000045 -0.0000008 -0.0000061 0.0000028 0.0000070 0.0000005 0.0000005 -0.0000009 0.0000071 -0.0000012 0.0000213 -0.0000051 -0.0000386 0.0000023 0.0000470 -0.0000074 0.0000261 0.0000051 -0.0000441 0.0000082 -0.0000062 -0.0000014 0.0000232 -0.0000029 0.0000072 0.0000076 -0.0000207 0.0000071 0.0000190 -0.0000132 -0.0000313 0.0000036
-0.0000011 -0.0000002 -0.0000001 -0.0000018 -0.0000024 -0.0000016 0.0000014 0.0000013 -0.0000069 -0.0000013 -0.0000019 0.0000014 -0.0000010 0.0000004 -0.0000074 0.0000083 -0.0000048 0.0000020 0.0000008 -0.0000017 -0.0000104 0.0000036 -0.0000004 0.0000024 -0.0000135 0.0000009 0.0000082 -0.0000016 0.0000054 0.0000012 0.0000028 0.0000081
-0.0000055 -0.0000088 -0.0000112 0.0000107 0.0000084 -0.0000034 -0.0000027 0.0000054 0.0000031 0.0000016 0.0000103 -0.0000172 -0.0000275 0.0000066 0.0000261 -0.0000048 0.0001422 0.0000020 -0.0000396 -0.0000020 0.0000402 -0.0000036 0.0000103 -0.0000034 0.0001000 0.0000112 -0.0000818 0.0000094 0.0000411 -0.0000097 -0.0000664 0.0000114
-0.0000012 -0.0000008 -0.0000014 -0.0000009 -0.0000006 0.0000016 -0.0000015 -0.0000006 -0.0000022 -0.0000028 -0.0000003 0.0000021 0.0000009 0.0000018 0.0000051 0.0000020 0.0000020 0.0000081 -0.0000057 0.0000001 -0.0000132 -0.0000004 -0.0000028 0.0000030 -0.0000171 0.0000012 0.0000163 -0.0000028 0.0000209 -0.0000072 -0.0000012 -0.0000051
-0.0000024 0.0000008 0.0000084 -0.0000047 -0.0000079 -0.0000025 0.0000037 0.0000010 -0.0000085 -0.0000003 -0.0000273 0.0000133 0.0000251 -0.0000063 -0.0000441 0.0000008 -0.0000396 -0.0000057 0.0000815 -0.0000065 0.0000106 0.0000016 -0.0000563 0.0000038 0.0000038 -0.0000154 0.0000089 -0.0000113 -0.0000588 0.0000066 0.0000549 -0.0000460
0.0000024 -0.0000016 -0.0000009 0.0000007 0.0000013 0.0000012 0.0000023 -0.0000030 -0.0000008 0.0000016 0.0000059 -0.0000019 -0.0000155 0.0000009 0.0000082 -0.0000017 -0.0000020 0.0000001 -0.0000065 0.0000120 0.0000013 -0.0000014 0.0000099 0.0000004 0.0000067 0.0000006 -0.0000166 -0.0000006 -0.0000010 0.0000031 -0.0000077 0.0000222
-0.0000039 0.0000009 -0.0000007 0.0000054 0.0000080 -0.0000054 0.0000036 0.0000060 0.0000008 0.0000050 -0.0000009 -0.0000114 -0.0000017 0.0000012 -0.0000062 -0.0000104 0.0000402 -0.0000132 0.0000106 0.0000013 0.0000764 -0.0000001 0.0000238 -0.0000135 0.0000927 -0.0000015 -0.0000657 -0.0000064 -0.0000356 0.0000102 -0.0000195 0.0000006
-0.0000019 -0.0000003 0.0000010 0.0000029 -0.0000010 -0.0000003 0.0000022 0.0000018 -0.0000043 -0.0000013 -0.0000012 0.0000006 -0.0000036 0.0000000 -0.0000014 0.0000036 -0.0000036 -0.0000004 0.0000016 -0.0000014 -0.0000001 0.0000094 0.0000078 -0.0000018 -0.0000002 -0.0000008 -0.0000016 0.0000017 -0.0000053 0.0000039 -0.0000028 -0.0000040
-0.0000003 0.0000047 -0.0000013 0.0000070 0.0000078 -0.0000032 0.0000028 -0.0000039 0.0000005 -0.0000002 0.0000183 -0.0000137 -0.0000003 0.0000025 0.0000232 -0.0000004 0.0000103 -0.0000028 -0.0000563 0.0000099 0.0000238 0.0000078 0.0001145 -0.0000044 0.0000160 0.0000090 -0.0000227 -0.0000005 0.0000067 0.0000113 -0.0000507 0.0000536
0.0000003 -0.0000012 0.0000007 -0.0000010 -0.0000004 0.0000013 0.0000014 -0.0000024 -0.0000015 -0.0000026 -0.0000052 0.0000022 0.0000039 -0.0000009 -0.0000029 0.0000024 -0.0000034 0.0000030 0.0000038 0.0000004 -0.0000135 -0.0000018 -0.0000044 0.0000103 -0.0000164 0.0000001 0.0000121 -0.0000010 -0.0000011 -0.0000044 0.0000015 0.0000056
-0.0000022 -0.0000051 -0.0000056 0.0000106 0.0000108 -0.0000081 0.0000039 0.0000070 -0.0000018 0.0000121 0.0000048 -0.0000163 -0.0000230 0.0000007 0.0000072 -0.0000135 0.0001000 -0.0000171 0.0000038 0.0000067 0.0000927 -0.0000002 0.0000160 -0.0000164 0.0001671 0.0000050 -0.0001321 0.0000070 -0.0000566 0.0000158 -0.0000451 0.0000129
0.0000001 0.0000005 -0.0000019 0.0000011 0.0000023 0.0000003 0.0000003 0.0000010 -0.0000001 -0.0000003 0.0000056 -0.0000045 -0.0000067 0.0000004 0.0000076 0.0000009 0.0000112 0.0000012 -0.0000154 0.0000006 -0.0000015 -0.0000008 0.0000090 0.0000001 0.0000050 0.0000061 -0.0000012 0.0000031 0.0000079 -0.0000013 -0.0000128 0.0000104
-0.0000025 0.0000082 0.0000077 -0.0000050 -0.0000074 0.0000074 -0.0000083 -0.0000043 0.0000014 -0.0000131 -0.0000177 0.0000135 0.0000481 -0.0000001 -0.0000207 0.0000082 -0.0000818 0.0000163 0.0000089 -0.0000166 -0.0000657 -0.0000016 -0.0000227 0.0000121 -0.0001321 -0.0000012 0.0001627 -0.0000059 0.0000265 -0.0000136 0.0000583 -0.0000457
0.0000017 -0.0000002 -0.0000003 0.0000046 0.0000001 0.0000006 -0.0000016 -0.0000011 0.0000042 0.0000011 0.0000038 -0.0000019 -0.0000058 -0.0000009 0.0000071 -0.0000016 0.0000094 -0.0000028 -0.0000113 -0.0000006 -0.0000064 0.0000017 -0.0000005 -0.0000010 0.0000070 0.0000031 -0.0000059 0.0000139 -0.0000005 0.0000032 -0.0000040 0.0000065
-0.0000061 -0.0000030 -0.0000072 0.0000025 -0.0000016 0.0000114 -0.0000098 0.0000030 0.0000077 -0.0000081 0.0000210 -0.0000101 -0.0000040 0.0000092 0.0000190 0.0000054 0.0000411 0.0000209 -0.0000588 -0.0000010 -0.0000356 -0.0000053 0.0000067 -0.0000011 -0.0000566 0.0000079 0.0000265 -0.0000005 0.0001638 -0.0000199 -0.0000497 0.0000324
-0.0000002 0.0000002 0.0000026 0.0000018 -0.0000020 0.0000001 -0.0000000 -0.0000022 -0.0000011 0.0000056 -0.0000034 -0.0000011 0.0000108 -0.0000016 -0.0000132 0.0000012 -0.0000097 -0.0000072 0.0000066 0.0000031 0.0000102 0.0000039 0.0000113 -0.0000044 0.0000158 -0.0000013 -0.0000136 0.0000032 -0.0000199 0.0000176 0.0000023 0.0000163
0.0000020 0.0000050 0.0000058 -0.0000084 -0.0000105 -0.0000065 -0.0000023 -0.0000053 -0.0000039 -0.0000013 -0.0000213 0.0000174 0.0000242 -0.0000032 -0.0000313 0.0000028 -0.0000664 -0.0000012 0.0000549 -0.0000077 -0.0000195 -0.0000028 -0.0000507 0.0000015 -0.0000451 -0.0000128 0.0000583 -0.0000040 -0.0000497 0.0000023 0.0000908 -0.0000517
0.0000048 -0.0000031 -0.0000027 0.0000021 0.0000042 0.0000024 0.0000037 -0.0000038 -0.0000042 0.0000061 0.0000173 -0.0000131 -0.0000196 0.0000027 0.0000036 0.0000081 0.0000114 -0.0000051 -0.0000460 0.0000222 0.0000006 -0.0000040 0.0000536 0.0000056 0.0000129 0.0000104 -0.0000457 0.0000065 0.0000324 0.0000163 -0.0000517 0.0001226


TRACE of the VCV matrix: 0.0014158394828963

Means
-0.0002646450918473 -0.00060691356752393 -0.0017879603413394 -0.00043005178589759 0.0010596938088104 -0.00080067868208281 0.000451403284764 0.0008794046233888 0.00023671325161936 0.00023242306167124 0.0011059376089274 -0.0025599843623343 -0.00036146894876416 0.00097551726068184 0.0026277355287094 -0.0008337367333059 0.012622907938127 -0.00045569270348018 -0.0094313344025668 0.00069125600558877 0.00053252221714307 -0.0005144416306442 0.001828450234599 -0.00017884321403914 0.0033422351737351 0.00025256025190177 -0.0075775118817566 -0.00074879279573559 0.0006593977328096 -0.00052298195015906 -0.0010802066155616 0.0096676897159302

Sigmas
0.0016214545282751 0.0016934374265071 0.0015616781496479 0.002226015160493 0.0018032743582817 0.0021766543615766 0.0020686731476678 0.0021299587721378 0.0032003455451958 0.0021285475365503 0.0043574650074015 0.0028756560126109 0.009359265509973 0.0015162042918107 0.0068579443955194 0.0028821438612485 0.011925259126102 0.0028534601436233 0.0090258875587733 0.0034628938690594 0.0087385527749351 0.0030605437788977 0.010700728430869 0.0032162242013811 0.012926552224773 0.0024688880650354 0.012753857509225 0.003721601868106 0.012798081064492 0.0041985355264485 0.0095269552495321 0.011072720339306

Sub-matrix 2:	 50 rows 	32 cols

VarCov Matrix of group 2 

0.0000042 0.0000012 0.0000011 0.0000005 -0.0000007 -0.0000010 -0.0000003 -0.0000024 0.0000020 -0.0000002 -0.0000000 0.0000014 -0.0000012 -0.0000003 -0.0000000 0.0000004 -0.0000051 0.0000004 -0.0000004 0.0000001 -0.0000033 0.0000000 -0.0000038 -0.0000008 -0.0000037 -0.0000002 0.0000047 0.0000007 -0.0000033 -0.0000020 0.0000031 0.0000019
0.0000012 0.0000048 0.0000009 -0.0000002 -0.0000002 0.0000004 -0.0000004 0.0000001 -0.0000011 -0.0000007 0.0000006 0.0000017 -0.0000010 0.0000013 0.0000010 -0.0000001 -0.0000029 0.0000012 -0.0000007 0.0000003 -0.0000022 -0.0000017 0.0000024 0.0000008 -0.0000034 -0.0000025 0.0000056 -0.0000032 -0.0000042 -0.0000032 0.0000021 -0.0000028
0.0000011 0.0000009 0.0000028 0.0000006 -0.0000009 0.0000005 0.0000006 -0.0000013 0.0000015 -0.0000010 -0.0000036 0.0000016 0.0000063 0.0000004 -0.0000044 0.0000000 -0.0000108 -0.0000001 0.0000087 -0.0000002 -0.0000050 -0.0000012 -0.0000054 -0.0000006 -0.0000044 -0.0000003 0.0000083 -0.0000007 -0.0000070 -0.0000009 0.0000051 -0.0000010
0.0000005 -0.0000002 0.0000006 0.0000029 -0.0000001 -0.0000002 0.0000009 -0.0000014 0.0000015 -0.0000005 0.0000005 0.0000001 0.0000006 0.0000003 -0.0000004 -0.0000001 0.0000023 -0.0000002 0.0000028 0.0000006 0.0000029 -0.0000017 0.0000008 0.0000010 0.0000006 -0.0000017 -0.0000006 -0.0000025 -0.0000023 -0.0000001 0.0000043 -0.0000015
-0.0000007 -0.0000002 -0.0000009 -0.0000001 0.0000025 0.0000008 0.0000006 0.0000004 -0.0000023 0.0000001 0.0000018 -0.0000007 -0.0000002 -0.0000005 0.0000009 0.0000006 0.0000082 0.0000002 -0.0000052 -0.0000002 0.0000061 0.0000006 0.0000057 0.0000009 0.0000013 -0.0000003 -0.0000036 0.0000002 0.0000032 -0.0000007 -0.0000028 -0.0000014
-0.0000010 0.0000004 0.0000005 -0.0000002 0.0000008 0.0000028 0.0000010 0.0000012 -0.0000022 -0.0000010 -0.0000009 0.0000008 0.0000025 0.0000001 -0.0000016 0.0000011 -0.0000008 0.0000001 0.0000047 0.0000003 0.0000018 0.0000007 0.0000017 0.0000007 -0.0000037 -0.0000008 -0.0000008 -0.0000007 -0.0000025 -0.0000013 -0.0000009 -0.0000046
-0.0000003 -0.0000004 0.0000006 0.0000009 0.0000006 0.0000010 0.0000069 0.0000014 0.0000005 -0.0000035 0.0000004 0.0000012 0.0000035 0.0000013 -0.0000002 0.0000024 -0.0000033 0.0000016 0.0000021 -0.0000007 0.0000003 0.0000004 0.0000042 0.0000006 -0.0000069 -0.0000029 -0.0000005 -0.0000003 0.0000057 -0.0000014 -0.0000017 -0.0000064
-0.0000024 0.0000001 -0.0000013 -0.0000014 0.0000004 0.0000012 0.0000014 0.0000063 -0.0000045 -0.0000006 0.0000008 0.0000010 0.0000001 0.0000012 0.0000012 0.0000001 -0.0000005 0.0000014 -0.0000021 -0.0000003 -0.0000004 0.0000014 0.0000009 -0.0000000 -0.0000007 -0.0000003 0.0000009 -0.0000004 0.0000015 0.0000007 -0.0000046 -0.0000052
0.0000020 -0.0000011 0.0000015 0.0000015 -0.0000023 -0.0000022 0.0000005 -0.0000045 0.0000162 -0.0000006 -0.0000025 0.0000006 0.0000034 0.0000012 -0.0000011 -0.0000035 -0.0000135 -0.0000028 0.0000037 -0.0000012 -0.0000029 -0.0000018 -0.0000045 -0.0000017 -0.0000019 0.0000009 0.0000103 0.0000004 -0.0000008 0.0000019 0.0000074 0.0000070
-0.0000002 -0.0000007 -0.0000010 -0.0000005 0.0000001 -0.0000010 -0.0000035 -0.0000006 -0.0000006 0.0000055 0.0000007 -0.0000018 -0.0000025 -0.0000004 -0.0000003 -0.0000017 0.0000041 -0.0000012 -0.0000036 -0.0000004 0.0000025 0.0000005 0.0000003 -0.0000007 0.0000065 0.0000015 -0.0000077 0.0000004 -0.0000010 0.0000008 -0.0000031 0.0000043
-0.0000000 0.0000006 -0.0000036 0.0000005 0.0000018 -0.0000009 0.0000004 0.0000008 -0.0000025 0.0000007 0.0000167 -0.0000003 -0.0000173 0.0000004 0.0000131 0.0000015 0.0000142 0.0000011 -0.0000220 0.0000015 0.0000089 0.0000022 0.0000230 0.0000012 -0.0000005 -0.0000035 -0.0000169 0.0000022 0.0000151 -0.0000000 -0.0000018 0.0000013
0.0000014 0.0000017 0.0000016 0.0000001 -0.0000007 0.0000008 0.0000012 0.0000010 0.0000006 -0.0000018 -0.0000003 0.0000059 0.0000024 0.0000009 -0.0000021 0.0000007 -0.0000112 0.0000007 0.0000051 -0.0000001 -0.0000062 -0.0000014 -0.0000050 0.0000002 -0.0000091 -0.0000028 0.0000091 -0.0000002 -0.0000085 -0.0000004 0.0000022 -0.0000021
-0.0000012 -0.0000010 0.0000063 0.0000006 -0.0000002 0.0000025 0.0000035 0.0000001 0.0000034 -0.0000025 -0.0000173 0.0000024 0.0000569 -0.0000022 -0.0000197 -0.0000021 -0.0000225 -0.0000032 0.0000152 0.0000042 -0.0000068 -0.0000054 -0.0000078 -0.0000035 -0.0000009 0.0000007 0.0000099 0.0000002 -0.0000264 0.0000045 0.0000097 0.0000090
-0.0000003 0.0000013 0.0000004 0.0000003 -0.0000005 0.0000001 0.0000013 0.0000012 0.0000012 -0.0000004 0.0000004 0.0000009 -0.0000022 0.0000066 -0.0000014 0.0000010 -0.0000069 0.0000008 0.0000005 -0.0000021 -0.0000036 -0.0000007 0.0000045 0.0000004 -0.0000042 0.0000001 0.0000059 -0.0000013 0.0000073 -0.0000012 -0.0000007 -0.0000019
-0.0000000 0.0000010 -0.0000044 -0.0000004 0.0000009 -0.0000016 -0.0000002 0.0000012 -0.0000011 -0.0000003 0.0000131 -0.0000021 -0.0000197 -0.0000014 0.0000284 -0.0000023 0.0000233 0.0000030 -0.0000231 0.0000011 0.0000091 0.0000020 0.0000108 0.0000025 0.0000072 -0.0000058 -0.0000126 0.0000020 0.0000045 0.0000036 -0.0000059 -0.0000052
0.0000004 -0.0000001 0.0000000 -0.0000001 0.0000006 0.0000011 0.0000024 0.0000001 -0.0000035 -0.0000017 0.0000015 0.0000007 -0.0000021 0.0000010 -0.0000023 0.0000075 -0.0000033 0.0000001 0.0000009 0.0000005 -0.0000011 0.0000033 0.0000059 -0.0000012 -0.0000079 -0.0000015 -0.0000015 0.0000023 0.0000093 -0.0000021 -0.0000032 -0.0000022
-0.0000051 -0.0000029 -0.0000108 0.0000023 0.0000082 -0.0000008 -0.0000033 -0.0000005 -0.0000135 0.0000041 0.0000142 -0.0000112 -0.0000225 -0.0000069 0.0000233 -0.0000033 0.0001254 0.0000010 -0.0000445 0.0000019 0.0000440 -0.0000013 0.0000084 0.0000051 0.0000366 0.0000047 -0.0000610 0.0000009 0.0000253 0.0000004 -0.0000133 -0.0000011
0.0000004 0.0000012 -0.0000001 -0.0000002 0.0000002 0.0000001 0.0000016 0.0000014 -0.0000028 -0.0000012 0.0000011 0.0000007 -0.0000032 0.0000008 0.0000030 0.0000001 0.0000010 0.0000048 -0.0000006 -0.0000000 -0.0000018 0.0000002 0.0000004 0.0000020 -0.0000015 -0.0000015 0.0000032 0.0000004 0.0000003 -0.0000015 -0.0000024 -0.0000023
-0.0000004 -0.0000007 0.0000087 0.0000028 -0.0000052 0.0000047 0.0000021 -0.0000021 0.0000037 -0.0000036 -0.0000220 0.0000051 0.0000152 0.0000005 -0.0000231 0.0000009 -0.0000445 -0.0000006 0.0000824 0.0000022 -0.0000115 -0.0000017 -0.0000320 -0.0000012 -0.0000109 -0.0000033 0.0000278 -0.0000114 -0.0000519 -0.0000027 0.0000233 -0.0000211
0.0000001 0.0000003 -0.0000002 0.0000006 -0.0000002 0.0000003 -0.0000007 -0.0000003 -0.0000012 -0.0000004 0.0000015 -0.0000001 0.0000042 -0.0000021 0.0000011 0.0000005 0.0000019 -0.0000000 0.0000022 0.0000086 0.0000048 -0.0000007 0.0000072 -0.0000012 0.0000021 -0.0000018 -0.0000086 -0.0000016 -0.0000161 0.0000022 0.0000013 0.0000018
-0.0000033 -0.0000022 -0.0000050 0.0000029 0.0000061 0.0000018 0.0000003 -0.0000004 -0.0000029 0.0000025 0.0000089 -0.0000062 -0.0000068 -0.0000036 0.0000091 -0.0000011 0.0000440 -0.0000018 -0.0000115 0.0000048 0.0000405 0.0000016 0.0000244 0.0000018 0.0000190 -0.0000037 -0.0000345 -0.0000040 -0.0000010 0.0000007 0.0000027 -0.0000067
0.0000000 -0.0000017 -0.0000012 -0.0000017 0.0000006 0.0000007 0.0000004 0.0000014 -0.0000018 0.0000005 0.0000022 -0.0000014 -0.0000054 -0.0000007 0.0000020 0.0000033 -0.0000013 0.0000002 -0.0000017 -0.0000007 0.0000016 0.0000089 0.0000035 -0.0000032 -0.0000040 0.0000008 -0.0000021 0.0000035 0.0000086 -0.0000006 -0.0000030 -0.0000059
-0.0000038 0.0000024 -0.0000054 0.0000008 0.0000057 0.0000017 0.0000042 0.0000009 -0.0000045 0.0000003 0.0000230 -0.0000050 -0.0000078 0.0000045 0.0000108 0.0000059 0.0000084 0.0000004 -0.0000320 0.0000072 0.0000244 0.0000035 0.0000944 0.0000053 -0.0000009 -0.0000128 -0.0000279 -0.0000019 0.0000227 -0.0000020 -0.0000002 0.0000034
-0.0000008 0.0000008 -0.0000006 0.0000010 0.0000009 0.0000007 0.0000006 -0.0000000 -0.0000017 -0.0000007 0.0000012 0.0000002 -0.0000035 0.0000004 0.0000025 -0.0000012 0.0000051 0.0000020 -0.0000012 -0.0000012 0.0000018 -0.0000032 0.0000053 0.0000074 0.0000029 -0.0000031 -0.0000045 -0.0000026 0.0000004 0.0000002 -0.0000029 0.0000011
-0.0000037 -0.0000034 -0.0000044 0.0000006 0.0000013 -0.0000037 -0.0000069 -0.0000007 -0.0000019 0.0000065 -0.0000005 -0.0000091 -0.0000009 -0.0000042 0.0000072 -0.0000079 0.0000366 -0.0000015 -0.0000109 0.0000021 0.0000190 -0.0000040 -0.0000009 0.0000029 0.0000722 0.0000078 -0.0000525 0.0000020 -0.0000084 0.0000133 -0.0000042 0.0000136
-0.0000002 -0.0000025 -0.0000003 -0.0000017 -0.0000003 -0.0000008 -0.0000029 -0.0000003 0.0000009 0.0000015 -0.0000035 -0.0000028 0.0000007 0.0000001 -0.0000058 -0.0000015 0.0000047 -0.0000015 -0.0000033 -0.0000018 -0.0000037 0.0000008 -0.0000128 -0.0000031 0.0000078 0.0000139 -0.0000033 0.0000059 0.0000138 0.0000000 -0.0000040 0.0000084
0.0000047 0.0000056 0.0000083 -0.0000006 -0.0000036 -0.0000008 -0.0000005 0.0000009 0.0000103 -0.0000077 -0.0000169 0.0000091 0.0000099 0.0000059 -0.0000126 -0.0000015 -0.0000610 0.0000032 0.0000278 -0.0000086 -0.0000345 -0.0000021 -0.0000279 -0.0000045 -0.0000525 -0.0000033 0.0001381 -0.0000015 -0.0000234 -0.0000069 0.0000295 -0.0000164
0.0000007 -0.0000032 -0.0000007 -0.0000025 0.0000002 -0.0000007 -0.0000003 -0.0000004 0.0000004 0.0000004 0.0000022 -0.0000002 0.0000002 -0.0000013 0.0000020 0.0000023 0.0000009 0.0000004 -0.0000114 -0.0000016 -0.0000040 0.0000035 -0.0000019 -0.0000026 0.0000020 0.0000059 -0.0000015 0.0000142 0.0000121 0.0000013 -0.0000036 0.0000083
-0.0000033 -0.0000042 -0.0000070 -0.0000023 0.0000032 -0.0000025 0.0000057 0.0000015 -0.0000008 -0.0000010 0.0000151 -0.0000085 -0.0000264 0.0000073 0.0000045 0.0000093 0.0000253 0.0000003 -0.0000519 -0.0000161 -0.0000010 0.0000086 0.0000227 0.0000004 -0.0000084 0.0000138 -0.0000234 0.0000121 0.0001376 -0.0000124 -0.0000273 0.0000108
-0.0000020 -0.0000032 -0.0000009 -0.0000001 -0.0000007 -0.0000013 -0.0000014 0.0000007 0.0000019 0.0000008 -0.0000000 -0.0000004 0.0000045 -0.0000012 0.0000036 -0.0000021 0.0000004 -0.0000015 -0.0000027 0.0000022 0.0000007 -0.0000006 -0.0000020 0.0000002 0.0000133 0.0000000 -0.0000069 0.0000013 -0.0000124 0.0000142 -0.0000006 -0.0000000
0.0000031 0.0000021 0.0000051 0.0000043 -0.0000028 -0.0000009 -0.0000017 -0.0000046 0.0000074 -0.0000031 -0.0000018 0.0000022 0.0000097 -0.0000007 -0.0000059 -0.0000032 -0.0000133 -0.0000024 0.0000233 0.0000013 0.0000027 -0.0000030 -0.0000002 -0.0000029 -0.0000042 -0.0000040 0.0000295 -0.0000036 -0.0000273 -0.0000006 0.0000572 -0.0000076
0.0000019 -0.0000028 -0.0000010 -0.0000015 -0.0000014 -0.0000046 -0.0000064 -0.0000052 0.0000070 0.0000043 0.0000013 -0.0000021 0.0000090 -0.0000019 -0.0000052 -0.0000022 -0.0000011 -0.0000023 -0.0000211 0.0000018 -0.0000067 -0.0000059 0.0000034 0.0000011 0.0000136 0.0000084 -0.0000164 0.0000083 0.0000108 -0.0000000 -0.0000076 0.0000852


TRACE of the VCV matrix: 0.0010818309629375

Means
-0.00083093328191697 -0.0002632032992811 -0.00050438555536896 0.00052666788199753 0.00054350763724911 -0.00015249139428976 -2.2727134104249e-05 0.00063088773447758 -0.00018255506686987 0.00055901703403952 -0.00092184613938048 -0.0021239300038973 0.0034354085354996 1.6725735772568e-05 0.00020601721342557 -0.00014362315556128 0.01071388420888 -0.00015393123695638 -0.0031915502892942 4.9495392106284e-05 0.0017251812218252 -7.5680797362549e-05 -0.0003210274122376 0.0004095988911067 0.0025613236280981 -0.0005704049002559 -0.0072397295031203 -0.00058237452445169 0.0019353217742386 -0.00060901937963092 -0.0043684996382128 0.0034365347452321

Sigmas
0.0020443483596493 0.0021951459208356 0.001666386640716 0.001696386016127 0.0015857623512786 0.0016733399754301 0.0026318848186811 0.0025095456917193 0.0040257624565619 0.002345256590847 0.0040833469377328 0.0024338085888667 0.007541397762859 0.0025690059191704 0.005333178553065 0.0027308537322765 0.011199031713365 0.0021888085844841 0.0090783507280722 0.002925748867276 0.00636526193268 0.0029820963494219 0.0097163673760556 0.0027189435717252 0.0084979833082481 0.0037285979354517 0.011751222077555 0.0037655109302049 0.011728390796427 0.0037697370005553 0.0075629424922724 0.009231136055952

Sub-matrix 3:	 47 rows 	32 cols

VarCov Matrix of group 3 

0.0000055 0.0000018 -0.0000000 0.0000012 -0.0000010 -0.0000005 -0.0000004 -0.0000017 0.0000002 0.0000004 -0.0000014 -0.0000015 -0.0000001 0.0000008 -0.0000002 0.0000010 0.0000019 -0.0000014 0.0000008 0.0000024 -0.0000032 0.0000018 -0.0000086 0.0000010 0.0000020 -0.0000015 0.0000038 -0.0000004 0.0000017 0.0000006 0.0000031 0.0000001
0.0000018 0.0000046 -0.0000002 0.0000013 -0.0000006 -0.0000004 -0.0000025 -0.0000004 0.0000024 0.0000009 0.0000001 0.0000004 -0.0000006 0.0000000 0.0000004 -0.0000008 -0.0000036 -0.0000008 -0.0000022 -0.0000009 -0.0000052 -0.0000002 -0.0000052 0.0000000 -0.0000012 0.0000022 0.0000031 0.0000004 0.0000076 0.0000002 0.0000025 0.0000014
-0.0000000 -0.0000002 0.0000067 0.0000015 -0.0000013 -0.0000010 -0.0000003 -0.0000001 -0.0000020 -0.0000003 -0.0000104 0.0000021 0.0000117 -0.0000009 -0.0000056 0.0000007 -0.0000011 0.0000013 0.0000100 0.0000003 -0.0000058 -0.0000001 -0.0000203 -0.0000007 -0.0000049 -0.0000019 0.0000148 0.0000014 -0.0000009 0.0000058 -0.0000006 -0.0000055
0.0000012 0.0000013 0.0000015 0.0000047 -0.0000003 0.0000008 -0.0000016 -0.0000016 0.0000016 0.0000021 -0.0000019 -0.0000002 0.0000043 -0.0000000 -0.0000022 -0.0000011 -0.0000009 -0.0000004 -0.0000012 0.0000003 -0.0000019 -0.0000013 -0.0000037 -0.0000011 -0.0000025 -0.0000002 0.0000060 -0.0000003 0.0000045 -0.0000004 0.0000023 -0.0000024
-0.0000010 -0.0000006 -0.0000013 -0.0000003 0.0000044 0.0000003 -0.0000001 0.0000002 0.0000011 -0.0000003 0.0000038 -0.0000004 -0.0000051 0.0000019 0.0000026 -0.0000000 0.0000023 -0.0000007 -0.0000088 -0.0000013 0.0000046 -0.0000001 0.0000169 0.0000005 0.0000031 0.0000019 -0.0000033 0.0000022 -0.0000011 -0.0000018 -0.0000053 0.0000011
-0.0000005 -0.0000004 -0.0000010 0.0000008 0.0000003 0.0000068 -0.0000001 0.0000007 0.0000011 -0.0000008 0.0000032 0.0000001 -0.0000010 -0.0000001 0.0000016 -0.0000011 -0.0000049 -0.0000010 0.0000026 -0.0000011 0.0000051 -0.0000024 0.0000047 0.0000025 -0.0000010 0.0000020 -0.0000061 -0.0000019 0.0000028 -0.0000022 0.0000105 0.0000018
-0.0000004 -0.0000025 -0.0000003 -0.0000016 -0.0000001 -0.0000001 0.0000084 0.0000024 0.0000001 -0.0000053 0.0000000 -0.0000023 0.0000028 0.0000003 0.0000030 0.0000018 -0.0000073 -0.0000009 0.0000102 0.0000021 0.0000068 -0.0000003 0.0000072 0.0000015 -0.0000005 -0.0000014 -0.0000113 -0.0000006 0.0000001 0.0000013 -0.0000005 0.0000017
-0.0000017 -0.0000004 -0.0000001 -0.0000016 0.0000002 0.0000007 0.0000024 0.0000074 -0.0000018 -0.0000043 0.0000022 -0.0000002 0.0000027 0.0000004 -0.0000012 0.0000016 -0.0000051 -0.0000016 0.0000055 -0.0000023 0.0000029 -0.0000020 0.0000028 0.0000029 0.0000009 0.0000047 -0.0000094 0.0000004 0.0000062 0.0000015 0.0000030 0.0000060
0.0000002 0.0000024 -0.0000020 0.0000016 0.0000011 0.0000011 0.0000001 -0.0000018 0.0000228 -0.0000024 0.0000071 -0.0000010 -0.0000025 -0.0000036 0.0000048 -0.0000059 -0.0000107 -0.0000038 -0.0000021 -0.0000072 0.0000032 -0.0000031 0.0000126 -0.0000023 0.0000048 0.0000050 -0.0000113 -0.0000016 0.0000140 0.0000001 -0.0000023 -0.0000029
0.0000004 0.0000009 -0.0000003 0.0000021 -0.0000003 -0.0000008 -0.0000053 -0.0000043 -0.0000024 0.0000091 -0.0000008 0.0000012 -0.0000007 0.0000007 -0.0000047 -0.0000005 0.0000071 0.0000027 -0.0000117 0.0000005 -0.0000069 0.0000011 -0.0000018 -0.0000034 -0.0000081 -0.0000028 0.0000164 0.0000017 -0.0000049 -0.0000041 -0.0000026 -0.0000112
-0.0000014 0.0000001 -0.0000104 -0.0000019 0.0000038 0.0000032 0.0000000 0.0000022 0.0000071 -0.0000008 0.0000316 -0.0000024 -0.0000293 -0.0000001 0.0000136 -0.0000027 -0.0000039 -0.0000023 -0.0000257 -0.0000009 0.0000142 -0.0000020 0.0000591 0.0000015 0.0000090 0.0000079 -0.0000358 -0.0000011 -0.0000071 -0.0000105 -0.0000010 0.0000064
-0.0000015 0.0000004 0.0000021 -0.0000002 -0.0000004 0.0000001 -0.0000023 -0.0000002 -0.0000010 0.0000012 -0.0000024 0.0000081 0.0000045 -0.0000032 -0.0000032 -0.0000004 -0.0000052 0.0000025 -0.0000015 -0.0000037 -0.0000072 -0.0000001 -0.0000059 -0.0000027 -0.0000086 -0.0000012 0.0000178 0.0000006 0.0000018 0.0000035 0.0000025 -0.0000070
-0.0000001 -0.0000006 0.0000117 0.0000043 -0.0000051 -0.0000010 0.0000028 0.0000027 -0.0000025 -0.0000007 -0.0000293 0.0000045 0.0000727 -0.0000034 -0.0000306 0.0000033 -0.0000067 -0.0000016 0.0000198 -0.0000014 -0.0000087 -0.0000041 -0.0000583 -0.0000006 -0.0000121 -0.0000049 0.0000273 0.0000038 0.0000274 0.0000115 0.0000204 -0.0000003
0.0000008 0.0000000 -0.0000009 -0.0000000 0.0000019 -0.0000001 0.0000003 0.0000004 -0.0000036 0.0000007 -0.0000001 -0.0000032 -0.0000034 0.0000053 0.0000009 0.0000003 0.0000041 -0.0000010 -0.0000044 0.0000027 -0.0000002 0.0000015 0.0000046 0.0000016 0.0000028 -0.0000001 0.0000002 0.0000020 0.0000013 -0.0000025 -0.0000048 0.0000030
-0.0000002 0.0000004 -0.0000056 -0.0000022 0.0000026 0.0000016 0.0000030 -0.0000012 0.0000048 -0.0000047 0.0000136 -0.0000032 -0.0000306 0.0000009 0.0000343 -0.0000040 -0.0000005 -0.0000007 -0.0000085 0.0000008 0.0000029 0.0000008 0.0000295 0.0000002 0.0000021 -0.0000001 -0.0000093 -0.0000042 -0.0000169 -0.0000076 -0.0000043 -0.0000062
