0 	1.7871030991847965 	4.482014534825689 	2.516974306801751 	4.233140869057822 	5.113578482853029 	4.165651160407112 	
1.7871030991847965 	0 	4.163400644981581 	1.8535750249177245 	3.171550596570324 	4.942819396368207 	3.483807906159824 	
4.482014534825689 	4.163400644981581 	0 	4.55602727686353 	4.609911255575898 	2.7759291677545943 	4.9801929872664585 	
2.516974306801751 	1.8535750249177245 	4.55602727686353 	0 	3.0246485458227346 	4.92025165237655 	3.012087816033591 	
4.233140869057822 	3.171550596570324 	4.609911255575898 	3.0246485458227346 	0 	4.624336699951821 	3.043171233791722 	
5.113578482853029 	4.942819396368207 	2.7759291677545943 	4.92025165237655 	4.624336699951821 	0 	4.917282612937688 	
4.165651160407112 	3.483807906159824 	4.9801929872664585 	3.012087816033591 	3.043171233791722 	4.917282612937688 	0 	
