Var-Cov matrix of C:/Users/vmc04/Desktop/CLIC practice for workflow tutorial/MOG result files/Field 18 scaled data for tutorial_ProcrRes.txt
0.0000548 -0.0000110 -0.0000174 -0.0000108 0.0000064 -0.0000055 0.0000014 -0.0000071 0.0000078 0.0000032 0.0000085 -0.0000036 -0.0000025 0.0000060 -0.0000060 0.0000086 0.0000094 0.0000101 0.0000126 0.0000128 0.0000209 -0.0000003 0.0000070 0.0000035 0.0000051 0.0000076 -0.0000419 -0.0000020 -0.0000382 -0.0000097 -0.0000325 0.0000036 0.0000009 -0.0000078 0.0000037 0.0000024
-0.0000110 0.0000227 0.0000228 0.0000159 0.0000063 0.0000092 0.0000037 0.0000050 0.0000010 0.0000013 -0.0000010 0.0000049 -0.0000010 -0.0000031 0.0000006 -0.0000066 0.0000065 -0.0000152 0.0000105 -0.0000184 -0.0000046 -0.0000084 -0.0000165 -0.0000053 -0.0000136 -0.0000042 0.0000018 -0.0000050 0.0000008 0.0000021 -0.0000006 0.0000015 0.0000054 0.0000109 -0.0000111 -0.0000074
-0.0000174 0.0000228 0.0001323 0.0000037 0.0000180 0.0000173 -0.0000149 -0.0000094 -0.0000175 -0.0000119 -0.0000106 -0.0000132 0.0000054 -0.0000099 -0.0000058 0.0000077 0.0000190 0.0000123 0.0000197 0.0000024 -0.0000241 -0.0000069 -0.0000096 -0.0000018 -0.0000024 0.0000028 -0.0000169 -0.0000057 -0.0000132 0.0000007 -0.0000098 -0.0000025 -0.0000089 0.0000025 -0.0000435 -0.0000108
-0.0000108 0.0000159 0.0000037 0.0000260 0.0000046 0.0000097 0.0000072 0.0000125 0.0000036 0.0000075 -0.0000016 0.0000071 -0.0000020 -0.0000063 0.0000114 -0.0000145 0.0000086 -0.0000199 0.0000081 -0.0000281 -0.0000101 -0.0000085 -0.0000152 -0.0000057 -0.0000129 -0.0000050 0.0000074 -0.0000015 0.0000074 0.0000055 0.0000045 0.0000044 -0.0000036 0.0000113 -0.0000102 -0.0000105
0.0000064 0.0000063 0.0000180 0.0000046 0.0000149 0.0000105 -0.0000017 -0.0000015 -0.0000024 0.0000021 -0.0000059 0.0000028 0.0000007 -0.0000029 0.0000020 -0.0000036 0.0000136 -0.0000048 0.0000117 -0.0000048 0.0000021 -0.0000037 -0.0000014 0.0000001 -0.0000014 0.0000034 -0.0000172 -0.0000035 -0.0000176 -0.0000027 -0.0000170 0.0000015 0.0000076 0.0000034 -0.0000123 -0.0000073
-0.0000055 0.0000092 0.0000173 0.0000097 0.0000105 0.0000283 -0.0000058 0.0000164 -0.0000101 0.0000003 -0.0000083 0.0000008 -0.0000033 -0.0000058 0.0000138 -0.0000132 0.0000257 -0.0000201 0.0000276 -0.0000177 -0.0000039 -0.0000074 -0.0000143 -0.0000036 -0.0000110 -0.0000024 -0.0000182 -0.0000036 -0.0000200 0.0000006 -0.0000238 0.0000028 0.0000173 0.0000131 0.0000120 -0.0000076
0.0000014 0.0000037 -0.0000149 0.0000072 -0.0000017 -0.0000058 0.0000086 0.0000009 0.0000079 0.0000049 0.0000016 0.0000051 -0.0000005 -0.0000010 -0.0000002 -0.0000037 -0.0000043 -0.0000049 -0.0000089 -0.0000105 -0.0000010 0.0000002 -0.0000017 -0.0000015 -0.0000021 -0.0000011 0.0000077 -0.0000001 0.0000083 0.0000024 0.0000081 0.0000016 -0.0000049 0.0000031 -0.0000034 -0.0000005
-0.0000071 0.0000050 -0.0000094 0.0000125 -0.0000015 0.0000164 0.0000009 0.0000222 -0.0000037 0.0000038 -0.0000043 0.0000005 -0.0000016 -0.0000060 0.0000167 -0.0000136 0.0000151 -0.0000185 0.0000110 -0.0000188 -0.0000033 -0.0000023 -0.0000133 -0.0000048 -0.0000112 -0.0000060 0.0000003 -0.0000007 -0.0000019 0.0000032 -0.0000074 0.0000014 0.0000078 0.0000098 0.0000129 -0.0000043
0.0000078 0.0000010 -0.0000175 0.0000036 -0.0000024 -0.0000101 0.0000079 -0.0000037 0.0000164 0.0000034 0.0000106 0.0000042 -0.0000025 0.0000047 0.0000002 0.0000005 -0.0000073 -0.0000026 -0.0000184 -0.0000078 0.0000057 0.0000011 0.0000041 -0.0000001 0.0000045 0.0000021 0.0000105 0.0000010 0.0000097 0.0000027 0.0000103 0.0000016 -0.0000241 -0.0000019 -0.0000156 0.0000004
0.0000032 0.0000013 -0.0000119 0.0000075 0.0000021 0.0000003 0.0000049 0.0000038 0.0000034 0.0000077 -0.0000032 0.0000040 -0.0000012 -0.0000025 0.0000030 -0.0000049 0.0000073 -0.0000050 0.0000033 -0.0000077 -0.0000014 0.0000004 -0.0000028 -0.0000021 -0.0000033 -0.0000006 0.0000017 -0.0000004 0.0000020 0.0000000 0.0000018 -0.0000004 -0.0000058 0.0000008 -0.0000032 -0.0000024
0.0000085 -0.0000010 -0.0000106 -0.0000016 -0.0000059 -0.0000083 0.0000016 -0.0000043 0.0000106 -0.0000032 0.0000161 -0.0000009 -0.0000028 0.0000078 -0.0000026 0.0000045 -0.0000125 0.0000010 -0.0000107 0.0000012 0.0000090 -0.0000028 0.0000019 0.0000007 0.0000026 0.0000016 0.0000039 0.0000013 0.0000035 0.0000012 0.0000049 0.0000026 -0.0000170 -0.0000026 -0.0000005 0.0000028
-0.0000036 0.0000049 -0.0000132 0.0000071 0.0000028 0.0000008 0.0000051 0.0000005 0.0000042 0.0000040 -0.0000009 0.0000075 -0.0000023 0.0000001 0.0000013 -0.0000057 0.0000007 -0.0000095 -0.0000014 -0.0000112 0.0000001 -0.0000028 -0.0000021 -0.0000005 -0.0000027 -0.0000009 0.0000029 -0.0000008 0.0000026 0.0000016 0.0000022 0.0000018 0.0000030 0.0000053 0.0000011 -0.0000022
-0.0000025 -0.0000010 0.0000054 -0.0000020 0.0000007 -0.0000033 -0.0000005 -0.0000016 -0.0000025 -0.0000012 -0.0000028 -0.0000023 0.0000107 -0.0000045 0.0000013 0.0000014 -0.0000105 0.0000078 -0.0000084 0.0000078 -0.0000000 0.0000039 0.0000046 0.0000011 0.0000027 0.0000001 0.0000077 0.0000022 0.0000061 -0.0000008 0.0000042 -0.0000018 0.0000073 -0.0000029 -0.0000235 -0.0000026
0.0000060 -0.0000031 -0.0000099 -0.0000063 -0.0000029 -0.0000058 -0.0000010 -0.0000060 0.0000047 -0.0000025 0.0000078 0.0000001 -0.0000045 0.0000089 -0.0000073 0.0000073 -0.0000025 0.0000024 0.0000008 0.0000066 0.0000116 -0.0000009 0.0000035 0.0000015 0.0000030 0.0000016 -0.0000054 -0.0000002 -0.0000056 -0.0000026 -0.0000029 -0.0000008 -0.0000051 -0.0000040 0.0000097 0.0000037
-0.0000060 0.0000006 -0.0000058 0.0000114 0.0000020 0.0000138 -0.0000002 0.0000167 0.0000002 0.0000030 -0.0000026 0.0000013 0.0000013 -0.0000073 0.0000258 -0.0000154 0.0000096 -0.0000146 -0.0000075 -0.0000172 -0.0000091 -0.0000017 -0.0000022 -0.0000013 0.0000002 -0.0000027 0.0000087 0.0000032 0.0000067 0.0000061 0.0000003 0.0000040 -0.0000076 0.0000066 -0.0000138 -0.0000064
0.0000086 -0.0000066 0.0000077 -0.0000145 -0.0000036 -0.0000132 -0.0000037 -0.0000136 0.0000005 -0.0000049 0.0000045 -0.0000057 0.0000014 0.0000073 -0.0000154 0.0000165 -0.0000075 0.0000184 -0.0000003 0.0000224 0.0000094 0.0000043 0.0000087 0.0000026 0.0000073 0.0000031 -0.0000054 0.0000004 -0.0000044 -0.0000056 0.0000002 -0.0000046 -0.0000046 -0.0000119 -0.0000033 0.0000055
0.0000094 0.0000065 0.0000190 0.0000086 0.0000136 0.0000257 -0.0000043 0.0000151 -0.0000073 0.0000073 -0.0000125 0.0000007 -0.0000105 -0.0000025 0.0000096 -0.0000075 0.0000501 -0.0000173 0.0000404 -0.0000161 0.0000019 -0.0000055 -0.0000129 -0.0000048 -0.0000090 -0.0000009 -0.0000366 -0.0000053 -0.0000347 -0.0000046 -0.0000337 -0.0000013 -0.0000002 0.0000077 0.0000178 -0.0000059
0.0000101 -0.0000152 0.0000123 -0.0000199 -0.0000048 -0.0000201 -0.0000049 -0.0000185 -0.0000026 -0.0000050 0.0000010 -0.0000095 0.0000078 0.0000024 -0.0000146 0.0000184 -0.0000173 0.0000319 -0.0000126 0.0000336 0.0000009 0.0000099 0.0000173 0.0000053 0.0000144 0.0000053 0.0000031 0.0000033 0.0000052 -0.0000049 0.0000097 -0.0000053 -0.0000078 -0.0000183 -0.0000170 0.0000068
0.0000126 0.0000105 0.0000197 0.0000081 0.0000117 0.0000276 -0.0000089 0.0000110 -0.0000184 0.0000033 -0.0000107 -0.0000014 -0.0000084 0.0000008 -0.0000075 -0.0000003 0.0000404 -0.0000126 0.0000827 -0.0000029 0.0000055 -0.0000136 -0.0000260 -0.0000062 -0.0000238 -0.0000049 -0.0000509 -0.0000075 -0.0000482 -0.0000113 -0.0000446 -0.0000012 0.0000394 0.0000074 0.0000354 -0.0000071
0.0000128 -0.0000184 0.0000024 -0.0000281 -0.0000048 -0.0000177 -0.0000105 -0.0000188 -0.0000078 -0.0000077 0.0000012 -0.0000112 0.0000078 0.0000066 -0.0000172 0.0000224 -0.0000161 0.0000336 -0.0000029 0.0000463 0.0000111 0.0000096 0.0000179 0.0000059 0.0000136 0.0000051 -0.0000038 0.0000026 -0.0000037 -0.0000100 0.0000008 -0.0000076 0.0000040 -0.0000216 -0.0000049 0.0000091
0.0000209 -0.0000046 -0.0000241 -0.0000101 0.0000021 -0.0000039 -0.0000010 -0.0000033 0.0000057 -0.0000014 0.0000090 0.0000001 -0.0000000 0.0000116 -0.0000091 0.0000094 0.0000019 0.0000009 0.0000055 0.0000111 0.0000363 0.0000007 0.0000055 0.0000026 0.0000012 0.0000040 -0.0000250 -0.0000022 -0.0000282 -0.0000095 -0.0000254 -0.0000028 0.0000110 -0.0000043 0.0000135 0.0000014
-0.0000003 -0.0000084 -0.0000069 -0.0000085 -0.0000037 -0.0000074 0.0000002 -0.0000023 0.0000011 0.0000004 -0.0000028 -0.0000028 0.0000039 -0.0000009 -0.0000017 0.0000043 -0.0000055 0.0000099 -0.0000136 0.0000096 0.0000007 0.0000098 0.0000086 0.0000017 0.0000069 0.0000018 0.0000102 0.0000015 0.0000083 -0.0000004 0.0000076 -0.0000042 -0.0000043 -0.0000075 -0.0000088 0.0000033
0.0000070 -0.0000165 -0.0000096 -0.0000152 -0.0000014 -0.0000143 -0.0000017 -0.0000133 0.0000041 -0.0000028 0.0000019 -0.0000021 0.0000046 0.0000035 -0.0000022 0.0000087 -0.0000129 0.0000173 -0.0000260 0.0000179 0.0000055 0.0000086 0.0000221 0.0000069 0.0000190 0.0000063 0.0000048 0.0000048 0.0000049 -0.0000012 0.0000066 -0.0000016 -0.0000114 -0.0000115 -0.0000155 0.0000045
0.0000035 -0.0000053 -0.0000018 -0.0000057 0.0000001 -0.0000036 -0.0000015 -0.0000048 -0.0000001 -0.0000021 0.0000007 -0.0000005 0.0000011 0.0000015 -0.0000013 0.0000026 -0.0000048 0.0000053 -0.0000062 0.0000059 0.0000026 0.0000017 0.0000069 0.0000040 0.0000051 0.0000021 -0.0000028 0.0000009 -0.0000030 -0.0000006 -0.0000023 0.0000002 0.0000055 -0.0000029 -0.0000017 0.0000010
0.0000051 -0.0000136 -0.0000024 -0.0000129 -0.0000014 -0.0000110 -0.0000021 -0.0000112 0.0000045 -0.0000033 0.0000026 -0.0000027 0.0000027 0.0000030 0.0000002 0.0000073 -0.0000090 0.0000144 -0.0000238 0.0000136 0.0000012 0.0000069 0.0000190 0.0000051 0.0000181 0.0000055 0.0000058 0.0000046 0.0000065 0.0000003 0.0000079 -0.0000008 -0.0000187 -0.0000096 -0.0000161 0.0000044
0.0000076 -0.0000042 0.0000028 -0.0000050 0.0000034 -0.0000024 -0.0000011 -0.0000060 0.0000021 -0.0000006 0.0000016 -0.0000009 0.0000001 0.0000016 -0.0000027 0.0000031 -0.0000009 0.0000053 -0.0000049 0.0000051 0.0000040 0.0000018 0.0000063 0.0000021 0.0000055 0.0000044 -0.0000051 -0.0000003 -0.0000052 -0.0000013 -0.0000036 0.0000001 -0.0000056 -0.0000035 -0.0000041 0.0000006
-0.0000419 0.0000018 -0.0000169 0.0000074 -0.0000172 -0.0000182 0.0000077 0.0000003 0.0000105 0.0000017 0.0000039 0.0000029 0.0000077 -0.0000054 0.0000087 -0.0000054 -0.0000366 0.0000031 -0.0000509 -0.0000038 -0.0000250 0.0000102 0.0000048 -0.0000028 0.0000058 -0.0000051 0.0000786 0.0000072 0.0000730 0.0000137 0.0000658 -0.0000037 -0.0000367 -0.0000061 -0.0000414 0.0000023
-0.0000020 -0.0000050 -0.0000057 -0.0000015 -0.0000035 -0.0000036 -0.0000001 -0.0000007 0.0000010 -0.0000004 0.0000013 -0.0000008 0.0000022 -0.0000002 0.0000032 0.0000004 -0.0000053 0.0000033 -0.0000075 0.0000026 -0.0000022 0.0000015 0.0000048 0.0000009 0.0000046 -0.0000003 0.0000072 0.0000034 0.0000078 0.0000013 0.0000072 -0.0000000 -0.0000072 -0.0000021 -0.0000059 0.0000011
-0.0000382 0.0000008 -0.0000132 0.0000074 -0.0000176 -0.0000200 0.0000083 -0.0000019 0.0000097 0.0000020 0.0000035 0.0000026 0.0000061 -0.0000056 0.0000067 -0.0000044 -0.0000347 0.0000052 -0.0000482 -0.0000037 -0.0000282 0.0000083 0.0000049 -0.0000030 0.0000065 -0.0000052 0.0000730 0.0000078 0.0000707 0.0000135 0.0000654 -0.0000024 -0.0000398 -0.0000053 -0.0000349 0.0000039
-0.0000097 0.0000021 0.0000007 0.0000055 -0.0000027 0.0000006 0.0000024 0.0000032 0.0000027 0.0000000 0.0000012 0.0000016 -0.0000008 -0.0000026 0.0000061 -0.0000056 -0.0000046 -0.0000049 -0.0000113 -0.0000100 -0.0000095 -0.0000004 -0.0000012 -0.0000006 0.0000003 -0.0000013 0.0000137 0.0000013 0.0000135 0.0000057 0.0000114 0.0000022 -0.0000081 0.0000037 -0.0000040 -0.0000006
-0.0000325 -0.0000006 -0.0000098 0.0000045 -0.0000170 -0.0000238 0.0000081 -0.0000074 0.0000103 0.0000018 0.0000049 0.0000022 0.0000042 -0.0000029 0.0000003 0.0000002 -0.0000337 0.0000097 -0.0000446 0.0000008 -0.0000254 0.0000076 0.0000066 -0.0000023 0.0000079 -0.0000036 0.0000658 0.0000072 0.0000654 0.0000114 0.0000630 -0.0000029 -0.0000430 -0.0000076 -0.0000305 0.0000056
0.0000036 0.0000015 -0.0000025 0.0000044 0.0000015 0.0000028 0.0000016 0.0000014 0.0000016 -0.0000004 0.0000026 0.0000018 -0.0000018 -0.0000008 0.0000040 -0.0000046 -0.0000013 -0.0000053 -0.0000012 -0.0000076 -0.0000028 -0.0000042 -0.0000016 0.0000002 -0.0000008 0.0000001 -0.0000037 -0.0000000 -0.0000024 0.0000022 -0.0000029 0.0000050 0.0000018 0.0000048 0.0000042 -0.0000013
0.0000009 0.0000054 -0.0000089 -0.0000036 0.0000076 0.0000173 -0.0000049 0.0000078 -0.0000241 -0.0000058 -0.0000170 0.0000030 0.0000073 -0.0000051 -0.0000076 -0.0000046 -0.0000002 -0.0000078 0.0000394 0.0000040 0.0000110 -0.0000043 -0.0000114 0.0000055 -0.0000187 -0.0000056 -0.0000367 -0.0000072 -0.0000398 -0.0000081 -0.0000430 0.0000018 0.0001088 0.0000128 0.0000372 -0.0000054
-0.0000078 0.0000109 0.0000025 0.0000113 0.0000034 0.0000131 0.0000031 0.0000098 -0.0000019 0.0000008 -0.0000026 0.0000053 -0.0000029 -0.0000040 0.0000066 -0.0000119 0.0000077 -0.0000183 0.0000074 -0.0000216 -0.0000043 -0.0000075 -0.0000115 -0.0000029 -0.0000096 -0.0000035 -0.0000061 -0.0000021 -0.0000053 0.0000037 -0.0000076 0.0000048 0.0000128 0.0000154 0.0000159 -0.0000034
0.0000037 -0.0000111 -0.0000435 -0.0000102 -0.0000123 0.0000120 -0.0000034 0.0000129 -0.0000156 -0.0000032 -0.0000005 0.0000011 -0.0000235 0.0000097 -0.0000138 -0.0000033 0.0000178 -0.0000170 0.0000354 -0.0000049 0.0000135 -0.0000088 -0.0000155 -0.0000017 -0.0000161 -0.0000041 -0.0000414 -0.0000059 -0.0000349 -0.0000040 -0.0000305 0.0000042 0.0000372 0.0000159 0.0001435 0.0000183
0.0000024 -0.0000074 -0.0000108 -0.0000105 -0.0000073 -0.0000076 -0.0000005 -0.0000043 0.0000004 -0.0000024 0.0000028 -0.0000022 -0.0000026 0.0000037 -0.0000064 0.0000055 -0.0000059 0.0000068 -0.0000071 0.0000091 0.0000014 0.0000033 0.0000045 0.0000010 0.0000044 0.0000006 0.0000023 0.0000011 0.0000039 -0.0000006 0.0000056 -0.0000013 -0.0000054 -0.0000034 0.0000183 0.0000084