C:/Users/vmc04/Desktop/Wing saga/Lab reared wings for landmarking/13/13 landmakrs lab reared txt files/APRFB 13_Format - {translated and scaled (first one is consensus)} - 1 25 26 0	from C:/Users/vmc04/Dropbox/Homework/APRFB 13.txt - TPS like internal (simplified) format - can be converted to other format by using TET	
-0.67386467471598444 -0.044364246115263205 0.22640024405043982 -0.093858751307473884 0.24484124695024034 -0.067152739336001119 -0.049737053257452972 -0.1011682680009181 0.25406174840014045 -0.036003687805768188 0.24551009161499962 -0.0080077611236877809 0.21335777308762749 0.018554926991050696 -0.0028223774864580683 -0.0040902423729530027 0.14967420607873105 0.051567188658828242 0.054029419018108017 0.081235227002807761 -0.33089068555104284 -0.014409560057815381 -0.087765649910927487 0.10679464812040682 -0.24279428827842084 0.11090326534678735
-0.67889206616314945 0.056328048511359835 0.21948815199256744 -0.11995788108900721 0.23191857010541397 -0.099617196904349462 -0.064151388582382132 -0.09396700685305559 0.24434898821826037 -0.073626322668397914 0.24434898821826037 -0.047635448432446305 0.21270792393101487 -0.015994384145200977 0.00026077800236741798 -0.002433928022095821 0.15055583336678302 0.025817022234373297 0.052242526474270488 0.069888504634465096 -0.32180005492138009 0.0348573263164434 -0.074321730674710887 0.11848013907559191 -0.21670651996731505 0.14786112734231971
-0.67266977377704373 -0.028889847124040587 0.23147544177163393 -0.091484515892795215 0.2488628497629545 -0.067142144704946144 -0.054837209818780916 -0.10307612122034236 0.25697697349223736 -0.032367328722304731 0.24770368923019992 -0.0091841180672104193 0.21408803378031319 0.013999092587883875 -0.0084707885085920625 -0.0057066364689462761 0.14801588341329425 0.047614748037770591 0.051805559194653072 0.076593761356638396 -0.33187657714715751 -0.010343278599965151 -0.094248667932441132 0.10325445360999687 -0.23682541346127103 0.10673193520826092
-0.65566190716069572 -0.17725467429322608 0.23545345058768113 -0.051363030954812691 0.24903000035947095 -0.024209931411233336 -0.042248703835289614 -0.11307462082658387 0.25890385473895422 0.017753949701571223 0.24532730496716454 0.041204353852844315 0.20583188744923078 0.063420526206681829 -0.01139290889940392 -0.0069306862471372795 0.13424644319797624 0.084402466763084133 0.034273667605706951 0.096744784737438444 -0.32241932185313099 -0.08221882589069833 -0.080509889555787695 0.089339393952825863 -0.25083387760187631 0.06218629440924639
-0.6169005023569839 -0.29150150856316209 0.24141417964024664 -0.0043004272307552265 0.24908749097355534 0.026392818102478999 -0.0052279703589574091 -0.1106305985637456 0.24579892897356595 0.053797501435723906 0.22606755697362949 0.08010599743563894 0.18770100030708675 0.095452620102256219 0.00025296630769151 -0.0032042398974254922 0.1296030716406075 0.10093355676890507 0.019984338307627875 0.096548807435585957 -0.30339092502466214 -0.13803528189699052 -0.10936576702528818 0.074625060768990059 -0.26502436835811916 0.019815694102500184
-0.64479231478540766 0.20323742064355321 0.17540026427374061 -0.16772104872344748 0.20716429223177138 -0.14730131646471353 -0.067367663691207808 -0.073563394419285263 0.2264495949205757 -0.12347829549619056 0.22758402449050535 -0.09511755624794889 0.20943315137163071 -0.066756816999707244 -0.012915044334583825 -0.00095990194378663281 0.14817395459542865 -0.0066320497934349932 0.081242609969578369 0.050089428703048312 -0.31467330993587506 0.1079453367694613 -0.043544642722684948 0.13063392816805458 -0.19215491638347129 0.18962426580439717
-0.64301679596729877 -0.21531446679009023 0.24616923892428169 -0.030520303059566222 0.2570394838496069 -8.3617268656380206e-05 -0.023412835223776941 -0.11096011550697081 0.25812650834213924 0.032527117507318487 0.24399518993921696 0.059702729820630858 0.19616611226778718 0.072747023731020793 0.002675752597003147 -0.0066057642238513169 0.11572629982038256 0.082530244163813243 0.030938389402847977 0.090139415611540707 -0.31799647270008286 -0.096828797104048375 -0.11146181911890891 0.074921072716085807 -0.25494905213319818 0.047745460402773401
-0.66670379909044331 0.088247645720315404 0.21315978608087632 -0.13089646017540563 0.23069131455253386 -0.11117349064479068 -0.070631831054082328 -0.084876197937304207 0.23836135825888402 -0.089259080055218626 0.2372656377294054 -0.059674625759296308 0.20987262449244026 -0.0268030098749381 0.0027814444209840507 -0.0016014376969303208 0.16056520066590305 0.018121531833684583 0.065237514601264521 0.069620396719178995 -0.33031759654051163 0.049897427188564207 -0.076110433701475425 0.12002354107519478 -0.21417122041577955 0.158373759606946
-0.6524644861739054 0.15686366828642587 0.19769240898970994 -0.15217985171223966 0.21377645835766995 -0.13494694167513938 -0.065396684243354875 -0.083248211563838478 0.22871164705649022 -0.10967200695405889 0.22986050772563024 -0.080950490225558308 0.20573443367368982 -0.041889227474797688 0.015023562596446334 -0.005125686062317036 0.1563334249006689 -0.00053024338575698767 0.074764317391727467 0.059210511409524123 -0.32159261346157952 0.085634306799744667 -0.06424782357421488 0.12929101222706546 -0.21819515323897767 0.17754316033094622
-0.66987751229499393 -0.021012923587403802 0.21791850927281722 -0.10696664981346514 0.24735471688448199 -0.072820648983933964 -0.045829910927699606 -0.098724511682198923 0.25795175162468148 -0.044561889676735612 0.24970961349341506 -0.013948233760604245 0.20967637114155094 0.013133077242127389 0.0059778144688303397 -0.0045286473248715032 0.1449167143958883 0.044924181462725386 0.053075746647494051 0.077892733987790022 -0.33077240060861518 -0.0033511990204048766 -0.090572946497430126 0.10968383820838799 -0.24952846760042022 0.1202808729485873
-0.67018055194493398 -0.0036754020744563009 0.22632739090072823 -0.1055227279797841 0.23512901165797878 -0.086662112071389824 -0.055324473331289196 -0.097978481616426347 0.25021750438469398 -0.056485126617959611 0.24267325802133624 -0.023793392376743321 0.20872414938622702 0.0051262186827942388 0.0050294975755717014 -0.0024180276805633666 0.1571717992366167 0.04159007610568926 0.061611345300753642 0.079311307922477425 -0.33068946559384177 0.0076409674705802148 -0.081729335603040798 0.11577516534537256 -0.24896012999080097 0.12709153489040906
-0.67035245917012876 -0.0057537063934220449 0.23078755644726387 -0.11142098095198333 0.25097119316069677 -0.08411370775145631 -0.064843357767137691 -0.10073552622134224 0.25334573865639476 -0.054431889055231192 0.24503482942145188 -0.021188252115459095 0.20941664698598156 0.007306293832916943 -0.0042924476268387307 -0.0021918881498750389 0.14292937310643747 0.048860840007632023 0.049134826026366256 0.083291749695253076 -0.32485608954606948 0.0013699300936719332 -0.080277903489174976 0.11416084113932709 -0.23699790620524325 0.12484629586996811
-0.67074195062795605 -0.052493647725954405 0.22679829936940357 -0.088347452652613179 0.24113982134006712 -0.065640042865729248 -0.052861379058535427 -0.10985973560860852 0.25070083598717574 -0.026200857446404536 0.24113982134006698 -0.0011031939977434212 0.21484703106051703 0.022799342620029195 -0.0074465594847675735 -0.0070788281521864246 0.16106632367052878 0.052677513392244954 0.065456177199438623 0.082555684164460685 -0.32774055016291986 -0.017834969630184144 -0.087520057154305664 0.10645822078223324 -0.25483781347871359 0.10406796712045592
-0.66571818266126692 -0.11085578852378665 0.23688131652977609 -0.066430122897336755 0.24771684473134922 -0.040424855213561213 -0.040508205430496436 -0.10543802442300007 0.25530171447245043 -0.0100853762491566 0.24663329191119179 0.01483633861446175 0.21412670730647229 0.039758053478079917 -0.00041675108467587708 -0.0046676121483699064 0.14694643245671887 0.064679768341698196 0.046176020182088509 0.085267271924687096 -0.32006483303108363 -0.043675513674033405 -0.10660492746009272 0.093935694485945548 -0.26046942792243138 0.083100166284372529
-0.65449609941349352 -0.16691180697793886 0.2282837399698272 -0.056161108492577071 0.2497887299669847 -0.022828373996982735 -0.025475141996632727 -0.102396836986466 0.25624022696613213 0.0040528634994643044 0.24656298146741118 0.030934100995911405 0.21323024697181658 0.054589589992784737 0.0035565944995299532 -0.0013233839998251032 0.13366178398233364 0.084696575988805353 0.037964578494982103 0.094373821487526377 -0.32977075045641346 -0.0776660984897347 -0.10611885448597408 0.09222332248781058 -0.25342803596650382 0.066417334491221516
-0.61588852585077503 -0.25141221465785185 0.24351620791617534 -0.018816016065271907 0.25334421630741089 0.011760010040794936 -0.034944029835505118 -0.11382009718055106 0.25443621723977039 0.048888041741019087 0.23914820418673699 0.074004063185288169 0.20420417435123214 0.086016073441243027 -0.017472014917752639 -0.0089880076740360745 0.13977611934201986 0.094752080900119273 0.024024020511909539 0.096936082764838269 -0.31668027038426388 -0.12255610463942723 -0.11575209883011019 0.07509606411764766 -0.25771222003684924 0.028140024026187961
-0.6270222584914279 -0.25633925466336088 0.25222885845155774 -0.020738817250461426 0.25830103467353971 0.010836499103844767 -0.0088747190936660399 -0.11425033106898339 0.25101442320716122 0.044840685946943598 0.23036902405242277 0.065486085101682218 0.19150709623173831 0.084917049012024445 -0.0015881076272877051 -0.0013078533401191922 0.12228428730114407 0.099490271944781147 0.012985115305468963 0.094632530967195622 -0.3088402244595741 -0.12032250729096532 -0.11331615011175543 0.075201567056853352 -0.25904837943932202 0.03755407448056524
-0.60372630233236013 0.30827455938123122 0.13841615543727073 -0.19752406952945567 0.17495239951208344 -0.18382297800140091 -0.096785915794335237 -0.05594612373955684 0.19892930968617908 -0.16555485596399458 0.20692161307754448 -0.13586915765320934 0.18979524866747607 -0.089057094932355696 0.003688755411399279 -0.0022835152546758033 0.15325900459266334 -0.028543940683447358 0.095029365598430893 0.037678001702150465 -0.28860119718710142 0.15527903731795351 -0.019146397135358626 0.13701091528054721 -0.15273203953389214 0.22035922207621347
-0.55220235266297057 -0.39793195941900855 0.23792084864736224 0.040367267694669196 0.23910544115307486 0.080643412888899049 0.011663680056247631 -0.10652220301369841 0.22844410860166106 0.11025822553171527 0.2071214434988336 0.12447333560026685 0.17513744584459237 0.13158089063454279 -0.0013668375065915275 -0.01175480255668696 0.1052464880075463 0.12328874309455427 0.0081099025391094832 0.097227707968876198 -0.27500770632621224 -0.1870744934021582 -0.12574905060641908 0.039182675188956587 -0.25842341124623525 -0.043738800210928339
-0.67563441477293518 -0.096082463639331483 0.22256192486637857 -0.07904966326690456 0.24186576528846271 -0.052932702695849855 -0.046556321017966952 -0.10516662383795919 0.25435648556157581 -0.015460541876510608 0.2464078453877763 0.012927458744201014 0.21461328469257948 0.035637859240770169 -0.0034065600744853869 -0.0041053416282259524 0.15102416330218565 0.062890339836653361 0.051098401117280999 0.08673626035805107 -0.33157184724991084 -0.04044198242273675 -0.089706081961448483 0.099226980631164224 -0.23505264513949156 0.095820420556678734
-0.64270325317150279 0.20658647937068231 0.17424399308205185 -0.16595104787983897 0.19939926019543097 -0.15157660952933655 -0.074912938326656936 -0.078506547914282465 0.22215878758372648 -0.12402560269087352 0.2257523971713522 -0.092880986264784929 0.21137795882084978 -0.064132109563780126 -0.0030407465741447972 -0.00064500684906099984 0.15867168486900748 -0.0042386164366866406 0.083205883528869776 0.053259136965323049 -0.32766347932299117 0.10836115064224901 -0.049757671213277704 0.12752706844291892 -0.17673187664271575 0.18622269170747041
-0.65937841420013976 0.1247243187255094 0.18321832599465909 -0.15736774858861546 0.22246591796879819 -0.12793205460801116 -0.062079123843710449 -0.089910949883063834 0.23963673945748404 -0.10462879687336607 0.23595727770990851 -0.072740128394378045 0.21020104547687957 -0.032266049171047098 -0.0056607103808854883 -0.0028303551904427047 0.15868858101082209 0.014340466298243117 0.067928524570625259 0.068305905262684374 -0.31596198442642282 0.068305905262684374 -0.059626149345326812 0.13208324222066042 -0.2153900299926913 0.17991624493914246
-0.67948287992274858 -0.050353666924175075 0.22153669289612932 -0.093319537156772353 0.24175592594676346 -0.065518091712150575 -0.048895549156100539 -0.10216545161642465 0.25186554247208048 -0.031398135939205686 0.2455470321437572 -0.0035966904945839342 0.2126907784364768 0.020413648753043936 -0.01098448718616178 -0.0073877966915778101 0.14571456895625171 0.053269902460324189 0.067365040885044927 0.084862454101939822 -0.32943740773364738 -0.020024817348224026 -0.07669699460072224 0.10634538921823848 -0.24097826313712359 0.10887279334956769
-0.6583361238316674 -0.15180516940480498 0.23879561053017573 -0.054968369293787241 0.24992627720960306 -0.026028635927276181 -0.028340389776080267 -0.10283023601532475 0.25771774388520197 0.0051372307751203434 0.24102174386606107 0.031850830805745897 0.20874281049572183 0.050772964160772295 0.0039385435942587369 -0.0026542359004788196 0.13750654374738691 0.075260430855512483 0.040669743636368959 0.08861723087082532 -0.32107692344501926 -0.067212102641157331 -0.099576656524415288 0.090843364206710742 -0.27098892338759628 0.063016697508142455
-0.63038735772281163 0.23252705211093777 0.17532974359168649 -0.17428663158221697 0.20019057981737942 -0.15846609943859427 -0.098139454890934244 -0.06693302060763448 0.21827118798151951 -0.13586533923341904 0.21940122599177828 -0.10987446499746746 0.19906054180712066 -0.072583210658928282 -0.023556946213855862 0.0031293360284089041 0.15837917343780511 -0.018341386166507601 0.095097044863314495 0.041550628377206848 -0.31284667684009915 0.12969359317739038 -0.034857326316443414 0.12969359317739038 -0.16594173550646002 0.19975594981343378
-0.65877625380423177 -0.13674434756283591 0.23437152418648496 -0.067792046246302903 0.25376435893175986 -0.036548034712248885 -0.036050782539293134 -0.1119646142772069 0.26022863718018457 0.0011602550702301032 0.24191318214298052 0.028094747772000845 0.21066917060892662 0.049642341933417405 -0.00049725217295580333 -0.0053040231781948353 0.14710376783274765 0.074422075219046396 0.03721103760952315 0.093814909964321333 -0.31616950663770849 -0.053786110041382104 -0.11469950122846354 0.092737530256250506 -0.25906838210995464 0.072267315802904797
