C:/Users/vmc04/Desktop/Wing saga/Lab reared wings for landmarking/13/13 landmakrs lab reared txt files/APRMA 13_Format - {translated and scaled (first one is consensus)} - 1 25 26 0	from C:/Users/vmc04/Dropbox/Homework/APRMA 13.txt - TPS like internal (simplified) format - can be converted to other format by using TET	
-0.69478591541957824 -0.066980059739290471 0.2219218426236183 -0.078097444192343796 0.23970965774850322 -0.053729952554426912 -0.020074121817742381 -0.089169451565996871 0.24932959858134951 -0.026594459073096821 0.24138860968631129 8.7263614231054427e-05 0.20690202934214613 0.025679936395953916 0.018178756116640927 -0.0019093278793784461 0.14709503869265922 0.053541463147687568 0.051213269919999423 0.075503969577392846 -0.31411759633115266 -0.024325605103085842 -0.088865774188472565 0.093110276384677268 -0.25789539495428315 0.092883390987676256
-0.64927394621099133 -0.26629288190896078 0.22919648959594005 -0.02403428234364716 0.2416490344334094 0.013323352168760979 0.020899375950997633 -0.087429056061673158 0.24730928208680447 0.048416887619811048 0.2235362419425449 0.066529680110675546 0.1850465578994577 0.080114274478823952 0.020899375950997504 0.0053990054540076701 0.13070818042686388 0.098227066969688512 0.031087821727108948 0.091434769785614309 -0.29381039357777422 -0.1112020962059329 -0.10928632007709144 0.066529680110675574 -0.27796170014826765 0.018983599822156194
-0.5954860688305198 -0.37490634445727616 0.23606517769980559 0.031146877713652928 0.23949661338012318 0.059742175049633986 0.034754284454499955 -0.09009718299090605 0.23263374201948803 0.092912719959371864 0.20975750415070302 0.11121371025439966 0.17086789977376909 0.11578895782815654 0.011878046585715148 -0.002023667196084752 0.10338299806085402 0.1123575221478389 0.0084466109053973719 0.084906036705297144 -0.25920537215938411 -0.15758208470382115 -0.11622888547947936 0.049447868008680673 -0.27636255056097264 -0.032906588318944406
-0.67194117261071884 -0.20208692769239259 0.23304565296731686 -0.025314316799385658 0.24638698209131737 0.0058154511566157118 0.00068417072430762202 -0.093132739846388285 0.24972231437231737 0.029162777123616507 0.23638098524831697 0.048062993382617311 0.19635699787631539 0.068074987068617976 0.008466612713307866 -0.0064141005403848496 0.13076212968331274 0.080304538765618508 0.038484603242309082 0.079192761338618536 -0.30727817655470446 -0.089797407565388135 -0.098264020278696226 0.068074987068618101 -0.26280707947470278 0.038056996539616944
-0.69907946742901395 -0.012013050763472529 0.22023926399699703 -0.093221273924547168 0.238979623188014 -0.068234128336524216 -0.035878978280238144 -0.085933356461373803 0.24834980278352284 -0.04532924488083645 0.24522640958502009 -0.019300968226645888 0.20774569120298556 0.0098507016260475505 0.025547754623651723 -0.0036840022341315458 0.14215443403442549 0.043166895743411544 0.048452638079339395 0.068154041331434503 -0.31073757974849042 -0.00056060903562870691 -0.083771007323948585 0.095223449051792669 -0.2472285847122655 0.11188154611047454
-0.69238958527172556 -0.00058044635891039975 0.21310673462854304 -0.099753852824177869 0.2357441426260499 -0.077116444826671293 -0.040216640581651093 -0.085740219301911877 0.24867980433891088 -0.049089177782139136 0.2443679171012903 -0.023217854356417114 0.20879484739092272 0.0069653563069251101 0.021227752554438564 -0.0038143617871257058 0.14950639787364323 0.038226538779672546 0.061112709502426428 0.067331777633609757 -0.31617742378935215 0.0069653563069251101 -0.083335512957854421 0.099670931915762234 -0.25042114341564214 0.12015239629445865
-0.6928686294562767 0.096913903234074311 0.19759911672974559 -0.12655815598802631 0.21926222451147995 -0.11173602961105018 -0.03727457816695167 -0.078671286154718981 0.23636467802337524 -0.091213085396775667 0.23978516872575448 -0.058148341940444485 0.20444009813450389 -0.022803271349193882 0.020873763773492884 -0.0011401635674597444 0.14971224689643856 0.021663107781734244 0.067620470039340352 0.061568832642823534 -0.30635318008743978 0.051307360535686332 -0.069199158055823023 0.11173602961105018 -0.22996222106764011 0.14708110020230075
-0.70014261118618026 0.072339149387965276 0.20112792402087479 -0.11900417292378578 0.22395866134216327 -0.099434969505538484 -0.03587687293345334 -0.080952944054971609 0.2391791528896888 -0.074429876248889193 0.2348304410189673 -0.048337605024559471 0.2054766358915964 -0.020070977864868972 0.027179449192010093 -0.0015889524143020653 0.1489433815722154 0.020154606939305986 0.065230678060824332 0.059293013775800492 -0.31310725469195638 0.041898166292914027 -0.069579389931545763 0.10821602232141871 -0.22722019524520445 0.14191853931951129
-0.6889507311464087 -0.15287739032350281 0.22221522309317879 -0.050792050992726635 0.24176347956077449 -0.021469666291333414 -0.015621897262565776 -0.084458492686918782 0.25153760779457196 0.0045946756654604466 0.24067746531257447 0.029573003374054697 0.20483899512198298 0.048035245593450453 0.021302587176225737 0.0035086614172607001 0.13967814022999803 0.070841544805645071 0.047366929133019535 0.079529658791242991 -0.30450168728369836 -0.058394150730124911 -0.097072965877546699 0.077357630294843507 -0.26323314585210805 0.05455133108264875
-0.68682971576490692 0.10439148876523319 0.19874887499483096 -0.12657698152750935 0.22148670367649975 -0.10862606414724432 -0.022645772695103462 -0.089478418941628335 0.23465070975536087 -0.079904596338820424 0.23106052627930787 -0.052379856355747496 0.20233905847088396 -0.022461660721972539 0.028813523794989283 -0.010494382468462569 0.15566667328219505 0.015833629689259367 0.063518630730168293 0.061309287052597264 -0.31225390643004486 0.043358369672332274 -0.069318157883792406 0.11276858354269013 -0.24523714821038906 0.152260601779273
-0.69985804959176334 0.03692987005132236 0.20792586077893724 -0.10527891685009486 0.22610292376633642 -0.086032614863436829 -0.018752807063923183 -0.086032614863436829 0.23679531375892418 -0.063578595879002608 0.23465683576040663 -0.032570664900498085 0.20792586077893724 -0.0047704509197699285 0.024016752906427907 -0.0047704509197699285 0.15339467181673974 0.02730671905799335 0.069994029874555261 0.065799323031309281 -0.31813972685638026 0.026237480058734605 -0.077560952023155674 0.10215344900610765 -0.24650071390604225 0.12460746799054201
-0.68844181286807049 0.036596610153699013 0.21217523049574744 -0.10502376030154525 0.23209059509101584 -0.085108395706276402 -0.022383508070750749 -0.088427623138821243 0.24204827738865031 -0.062980212822644571 0.24204827738865031 -0.036426393362286306 0.20774959391902079 -0.0054469373252016987 0.016340811975604986 -0.0043405281810201049 0.15464195499830427 0.027745337000246135 0.060597177742868789 0.064256838758238802 -0.31779474956723636 0.022213291279338195 -0.087661647577464766 0.10519397709295779 -0.25141020091634075 0.13174779655331595
-0.68636057439364595 0.023281907460721153 0.21409412412278861 -0.1070470620613943 0.23025060794784452 -0.087659281471327594 -0.043332518156431174 -0.08011958901963491 0.24532999285122978 -0.062886006272908884 0.23886739932120726 -0.03380433538780872 0.21301702520111823 -0.0047226645027085672 0.015907922535439392 -0.002568466659367784 0.15808498019592906 0.03297579775575462 0.060068978323924813 0.069597161092547377 -0.32230113886905865 0.017896412852369377 -0.074568386884872134 0.10944982119435133 -0.24905841219547306 0.12560630501940692
-0.69814726295773233 0.040404215756638565 0.21244246212845705 -0.10950994630023406 0.23132054179487807 -0.089521391359317762 -0.029641147711529744 -0.085079490261336294 0.24131481926533624 -0.063980460045924642 0.23798339344185029 -0.036218578183540781 0.20577961048148494 -0.0073462210466616025 0.01699881381727501 -0.0040147952231755438 0.15247679730570807 0.029299463011685036 0.062528300071584358 0.064834671795536369 -0.30170758996289132 0.023747086639208367 -0.08183348561281148 0.10703273222635981 -0.24951525206160974 0.13035271299076218
-0.69198395049912542 -0.11769361910905796 0.2272077588977954 -0.063345523180705327 0.23902256236048061 -0.036171475216529005 0.0074524144918477345 -0.091701051491150112 0.24374848374555491 -0.0089974272523527243 0.23311516062913781 0.015813660019286586 0.19885223058735041 0.041806227637194229 0.019267217954532886 -0.0019085451747415114 0.14568561500526608 0.063072873870027871 0.052348667650051917 0.081976559410324376 -0.3162732003857312 -0.043260357294140357 -0.091791934594709509 0.08552100044913008 -0.26665102584245287 0.074887677332713301
-0.66037596740407201 -0.24633205842937062 0.23214495324728812 -0.0092047289574224093 0.24092744693143422 0.017142752095016263 0.0016044940384498595 -0.093736230667329959 0.23982963522091605 0.043490233147454815 0.22336245956314188 0.066544279068338763 0.19372154337914846 0.0786202078840397 0.021365104827778866 0.0028711998582786492 0.13443971101116137 0.087402701568185914 0.043321339038144398 0.086304889857667641 -0.3002937263540767 -0.11130121803562228 -0.10158980675026842 0.06325084393678386 -0.26845718674904662 0.014947128673979661
-0.68298096673136433 -0.14949856992454325 0.22961030359063025 -0.052324499473590164 0.2443976621375144 -0.028030981860851831 -0.01015615284813475 -0.08929289584080051 0.2539038212033683 0.00048749533671049527 0.24439766213751429 0.029005972534272843 0.20320430618547972 0.052243250250804986 0.015193604660809533 0.00048749533671046524 0.13243623313967681 0.072311808278719261 0.033149682896311643 0.080761727448367293 -0.31012828337064219 -0.063943138331856289 -0.093599104648409662 0.083930447136985456 -0.25942876835275352 0.063861889109071229
-0.66486039073855563 -0.22385901498614394 0.23243158681940723 -0.025099076295327667 0.24506950199628019 0.0059212609569962741 0.0015024094965512599 -0.092884257698554046 0.25081400889485855 0.033494894070173246 0.23587829095855445 0.056472921664487218 0.19566674266850478 0.076004245119654146 0.0049491136356984954 -0.005567752840160675 0.13707277230300408 0.08634435753709542 0.024480437090865292 0.082897653397948412 -0.30180755474839388 -0.09862876459713249 -0.10419651743729326 0.069110836841359991 -0.25700040093948145 0.035792696829604585
-0.69018246603932198 -0.050181333847944855 0.2200581775777547 -0.081870383865826332 0.24081996896878069 -0.061108592474800515 -0.022526963938440961 -0.0873340131792541 0.24956177587026485 -0.034883171770346923 0.24628359828220828 -0.0064722993405222033 0.21677999998969799 0.017567669638560313 -0.0039506242727862127 -0.0031941217524654431 0.14903099650319304 0.048163993793756167 0.050685668861492061 0.07438941449820978 -0.31865567272622924 -0.01521410624200667 -0.088090515699574712 0.097336657614606636 -0.24981394337703855 0.10280028692803449
-0.65161030551731614 -0.23586145884528187 0.22733832065212362 -0.02810996538705058 0.24758077386087446 0.0070479796597270423 0.0057367276300103395 -0.093098894109881897 0.25077695068330869 0.042205924706504576 0.23373067429699237 0.066709947011834345 0.1911149833312013 0.082690831124006103 0.017456042645602833 0.0017210182890031042 0.13358380052738336 0.09227936159130902 0.031306142209484855 0.086952400220585105 -0.30109624732368517 -0.11121056277034311 -0.11358720707420474 0.065644554737689612 -0.27233065592177635 0.023028863771898639
-0.66529933241143535 -0.22025208365190138 0.22968771436765126 -0.033985743966913763 0.24445272909877819 -0.0067272552325253754 -0.02245330642544165 -0.10213196580288489 0.24786004019057675 0.023938544593661588 0.23536656618731538 0.050061262964117254 0.19447883308573274 0.073912440606706986 0.028656359951536571 0.0069019891346688662 0.1331472334333588 0.088677455337834069 0.036606752499066524 0.093220536793565539 -0.29390242340539313 -0.089638491799623451 -0.098549920808942704 0.077319751698505634 -0.27005124576280326 0.038703559324788576
-0.67034570183487252 0.11131997380691698 0.19631488520428839 -0.14213736768566787 0.21383497793419057 -0.12578528113775919 -0.041958375922381282 -0.084905064767987468 0.23719510157406012 -0.097753132769915721 0.23953111393804735 -0.068552978220078761 0.21149896557020373 -0.028840768032300537 0.011769908449318984 -0.0043126382104374927 0.15777068119850374 0.020215491611425659 0.057322149547064612 0.071607763619138634 -0.30592777305290725 0.058759695617210443 -0.068822518108231173 0.12300003562685173 -0.23818341449728545 0.16738427054260394
-0.67707898731035709 0.17203212030079884 0.18146668816314518 -0.14729825320221554 0.20577557472738833 -0.13624875930937766 -0.070461772593558472 -0.067741897173782942 0.22455971434521271 -0.11304482213441817 0.22234981556664513 -0.083211188623755913 0.20688052411667202 -0.046747858777390947 0.01461933038129308 -0.0069696807631746422 0.16378749793460429 0.00076496496181182965 0.083126192516887881 0.057117383815284951 -0.30581599251100489 0.086951017325947122 -0.050572683586450388 0.11457475205804174 -0.19863590175047763 0.16982222152223106
-0.68011877651372221 0.17187524693151018 0.19150324380191011 -0.14651518017860413 0.2073098607506392 -0.13070856322987506 -0.046725054496792574 -0.078772536112622388 0.22311647769936827 -0.10812768187454783 0.22650360990266738 -0.082159668315921475 0.19940655227627466 -0.046030258147397848 0.018759501433656581 -0.0076427598433414833 0.15198670143008741 0.0013895926987894211 0.070695528550909312 0.054454663883808513 -0.29963092567645766 0.083809809645733951 -0.047854098564558793 0.11655208761095848 -0.21495262059398051 0.17187524693151027
-0.6938436485898537 -0.083340846998064169 0.22572515973008028 -0.068248275700902236 0.24297381264112219 -0.043453337141279226 -0.025458348286970908 -0.08765301022582471 0.25267617990358376 -0.017580357774716088 0.24297381264112231 0.0093706623987873227 0.20308630278433737 0.028775396923709728 0.025209569639215435 0.00505849917102685 0.14487209920957028 0.051414253869452468 0.047848426584958297 0.071897029201315008 -0.31437328454692637 -0.031594888264937789 -0.091218837510318909 0.083755478077656501 -0.26047124419991979 0.0815993964637763
-0.67398323955575246 -0.15941270243201716 0.22299445463046419 -0.048915450249657162 0.24682719529724759 -0.019666177613150079 -0.017499564825260591 -0.09224770600744539 0.25441034005486052 0.0041665630536334552 0.24574388890330287 0.031249222902251159 0.21216139069101714 0.053998657175089927 0.010666401417301829 0.00091664387179933647 0.13741324950883241 0.075664785053984052 0.034499142084085214 0.084331236205541754 -0.31215890397822066 -0.071664884522495975 -0.099830850765058252 0.081081317023707605 -0.26124350346281944 0.060498495538758162
