C:/Users/vmc04/Desktop/Wing saga/Lab reared wings for landmarking/13/13 landmakrs lab reared txt files/RMOFA 13_Format - {translated and scaled (first one is consensus)} - 1 25 26 0	from C:/Users/vmc04/Dropbox/Homework/RMOFA 13.txt - TPS like internal (simplified) format - can be converted to other format by using TET	
-0.67274271496940963 -0.058305602756798788 0.22414129968531152 -0.087005891225749976 0.24424041474664215 -0.061068674006915284 -0.046238591838176184 -0.095562498968045834 0.25364377013010314 -0.03366078983237341 0.24593391002897166 -0.005317026686018066 0.21349010567276594 0.021823463496576934 0.0040314786478125577 -0.0017072077947369421 0.15310362915812536 0.053242257550319978 0.054256983468476863 0.08038274773291508 -0.33546975979391003 -0.019488908259195834 -0.090804257162634586 0.10253188339917085 -0.24758626777407869 0.1041362473508512
-0.6368875056308908 -0.23446588745768476 0.23587268278243087 -0.034310174864641177 0.24908092777588042 -0.0017975718038422104 -0.025244160549610688 -0.10441547521448892 0.25212898431283032 0.03173105010260676 0.23993675816503074 0.059163558935155805 0.20132804203033197 0.07541986046555528 -0.0059398024822613169 -0.0028135906494922351 0.13427079821743412 0.094724218532904678 0.037749007880687122 0.099804312761154396 -0.32192166347940115 -0.10949556944273876 -0.11058974358420799 0.078467917002505147 -0.24978432543825349 0.047987351633006069
-0.63334417064852899 -0.23325399126910951 0.2355040297700976 -0.029583839550029918 0.24958760409109779 -0.00033333903718338884 -0.01583360426621325 -0.098918359284184715 0.25500436344532884 0.032167217088201548 0.24525419660771311 0.057084310117663455 0.2019201217738664 0.078751347534586874 0.0080001368924023791 0.0061667721878936486 0.13150225016886558 0.091751569984740863 0.026417118696787353 0.090668218113894763 -0.31592207249060167 -0.10216841489672314 -0.11550197638406054 0.075501291922048352 -0.2725879976567549 0.032167217088201645
-0.66652000725465199 0.05429290303587276 0.20289249797209494 -0.12714058719841828 0.22701371343676943 -0.1019706232352796 -0.076074602619358181 -0.089385641253710332 0.24274494091373108 -0.076800659272140984 0.24274494091373131 -0.044289455819753548 0.22176997094444886 -0.015973246361222614 -0.00056471072994222955 -0.0033882643796532656 0.16723504902431532 0.029122939072734107 0.072847684162545431 0.074219124506690853 -0.33406673324152919 0.036464178561982891 -0.07397710562242997 0.11826656144218346 -0.22604563789972582 0.14658277090071442
-0.67130828341936866 0.041125668156479826 0.20906281842287572 -0.12029478094593435 0.2342489877863729 -0.093963785702278146 -0.071419522216070799 -0.084805178661006397 0.24684207246812154 -0.067632790458621986 0.24455242070780361 -0.042446621095124697 0.21593177370382938 -0.014970799971309592 0.0075734635148977034 -0.0012328894094019746 0.15869047969588126 0.029677409354890043 0.063669931642687083 0.067456663400135966 -0.33587430053279194 0.033111886995366935 -0.071419522216070841 0.11324969860649456 -0.23055031955816713 0.14072551973030967
-0.64337503122235717 0.16423056763008814 0.182610447847252 -0.15710044168377471 0.21659738152467992 -0.13856211422335957 -0.099584092383512235 -0.071618153949638094 0.23101608066055837 -0.11693406551954182 0.23410580190396069 -0.091186388491187417 0.21865719568694816 -0.058229361894893805 -0.0089522692437048051 -0.000554565351379928 0.16201230622456847 -0.000554565351379928 0.074470204328163397 0.06226976659780481 -0.31998420774622605 0.094196886112964243 -0.052208366651340259 0.13127354103379463 -0.19536545092899066 0.18276889509050337
-0.66731472368965361 -0.032699777305217857 0.22953648557174888 -0.096982754154012002 0.24923610750928279 -0.074172665594762516 -0.066994665698495146 -0.098019576361250638 0.25753068516719146 -0.045141643792081236 0.23886788543689652 -0.016110621989399981 0.20361593039078338 0.012920399813281205 -0.0037485110569396808 -0.0015951110880593952 0.16525350872295461 0.04817235485939414 0.055350354755661454 0.083424309905507074 -0.33242115075158063 -0.0067792221242524717 -0.0856574654287902 0.11038168729371106 -0.24325444092905965 0.11660262053714279
-0.66738734360554397 -0.014549520854561069 0.22169524149576947 -0.094695186578838048 0.23986159239327226 -0.073323009052364232 -0.049731413090448782 -0.09576379545516174 0.25161629003283292 -0.048745004896919276 0.24734185452753812 -0.024167000741474313 0.21635219711415088 0.0068226566719128707 0.0036990307257357934 -0.0017262143386767416 0.15651010004002402 0.038880922961623619 0.052855039036625834 0.074145015880305518 -0.3489418984610832 0.0025482211666180647 -0.083926897132807057 0.10727189104634004 -0.23994379307606648 0.12330102419119543
-0.6759237773570419 -0.10187690216766583 0.22817058254080516 -0.072324180960351217 0.24896694190891547 -0.039487824063334863 -0.039992998784827469 -0.10297144739756625 0.2577233037481198 -0.0099351028560203097 0.22817058254080516 0.0097667112821894254 0.19861786133349066 0.033846706340001365 0.0092615365606969636 -0.0055569219364180814 0.16030877828697165 0.061210337087514895 0.055232436216519631 0.0852903321453269 -0.33552021085797357 -0.043866004982937024 -0.088152988900451229 0.098424874904133333 -0.24686204723602972 0.087479422605127977
-0.67707165625221111 -0.084603184777121629 0.22541702093380495 -0.076069012888837731 0.2456856791684788 -0.049399725737950671 -0.03700876463092316 -0.095270899637476328 0.25101953659865645 -0.018463352642921767 0.24355213619640809 0.0071391630219296296 0.21581607755948562 0.03060813571471031 0.0045953233244606182 -0.0045953233244605271 0.14967624542528574 0.058344194351632787 0.051533268710021764 0.080746395558377829 -0.33677155220689298 -0.03553169641948941 -0.09568119636287449 0.095681196362874546 -0.24076211846369977 0.091414110418732708
-0.63753109991723655 -0.21100320091823435 0.24106719082350153 -0.023321406417278499 0.25344181463675136 0.0045214971625336248 -0.02395600251026575 -0.107881335807819 0.25447303328785553 0.031333182091241515 0.24003597217239739 0.055051211066637087 0.20188088208154373 0.071550709484303532 0.01316786892948375 -0.00063459609298719799 0.13278923245756549 0.084956551948657505 0.032761023300462655 0.088050207901970032 -0.32816550458599086 -0.10066280525008992 -0.11470324380743123 0.07155070948430356 -0.2652611668686376 0.036489275346762419
-0.66280881868350494 0.088508145149315348 0.20816375601319784 -0.12297081142261139 0.23021369461311447 -0.10092087282269488 -0.068462746422118401 -0.080875474095498029 0.24224093384943246 -0.080875474095498029 0.24324320378579231 -0.055818725686501924 0.21618191550407656 -0.027755167468426399 -0.0023129306223688799 -0.0097143086139492123 0.16105706900428535 0.013337899922327158 0.070852774731899604 0.060444586931239712 -0.34108016911199551 0.054430967313080655 -0.07247182616755786 0.11356489355831141 -0.22481685649425379 0.14864434133090584
-0.6717723200219331 0.10809199320116852 0.18333567110317955 -0.14118303004194546 0.22225202494282184 -0.11593998971352881 -0.073301905569055859 -0.080179015914938673 0.23802892514808222 -0.092800536079146984 0.23066637171896071 -0.06440211570967827 0.20963050477861353 -0.028641141911088071 0.0076861821512807568 -0.0033981015826714247 0.16440339085686723 0.012378798622588926 0.083415303136530602 0.061813085932404824 -0.33414665562936086 0.061813085932404796 -0.048058865240639362 0.12176530671239418 -0.21213862737534733 0.1606816605520365
-0.6772598648765592 -0.030748701664942726 0.22242436902361717 -0.095662627402044093 0.2360904586524806 -0.076302333761154154 -0.040647856332003955 -0.096801468204449376 0.25203422988615465 -0.044414791293806162 0.2440623442693175 -0.015943771233673992 0.21331364260437474 0.015943771233674027 0.0026280941593968621 -0.0045553632096211293 0.15523276168170513 0.047831313701022046 0.052737089465229467 0.0797188561683701 -0.33105226094535212 -0.0079718856168370204 -0.086201488428215567 0.11046755783331279 -0.24336151916014523 0.11843944345014978
-0.6726844297263066 -0.098957168256518346 0.2223300981665631 -0.076525726454692078 0.24251839578820689 -0.049607996292500518 -0.018807901203069848 -0.10007874034660966 0.25373411668911988 -0.019325549860035037 0.24139682369811558 0.012078468662521909 0.21223594935574108 0.0333883383742569 0.0081098289591217815 0.00086274776160870088 0.14269847977007974 0.06479235689681366 0.055215856742957148 0.084980654518457363 -0.33509123060882057 -0.037270703301495983 -0.092831659149096621 0.096196375419370553 -0.25882432848261128 0.089466942878822675
-0.60916258839038462 0.27954177066196412 0.144054542796102 -0.18662614894430651 0.18194503872469076 -0.17399598363477706 -0.091325810699674867 -0.05917629900269071 0.20950176303639137 -0.15677303093996411 0.21179815672903321 -0.12691991293562166 0.19801979457318286 -0.087881220160712314 0.003974527544956908 -0.0029146535329683484 0.15783290495195249 -0.029323180998348217 0.088941094172700713 0.040716826627224499 -0.31177960519328074 0.15438831441298995 -0.035064165229952572 0.13601716487185619 -0.14873565301571806 0.21294635357535405
-0.66336858309474622 0.071528022482989201 0.21155389481312187 -0.12543319884698115 0.23228665495311887 -0.10573707671398411 -0.059008625013837371 -0.093297420629985958 0.24472631103711676 -0.082931040559987512 0.24472631103711687 -0.051831900349992195 0.21777372285512092 -0.015549570104997697 0.0073362074341527302 -7.36575605486567e-18 0.15039225240013104 0.029025864195995624 0.061241383798144616 0.068418108461989674 -0.3285345068337967 0.041465520279993721 -0.081814661167833966 0.11714009479098239 -0.23731036221781052 0.14720259699397789
-0.66718150417396449 0.053489011864329104 0.20957316855873409 -0.12442009281485242 0.23166645606791364 -0.10232680530567302 -0.033452994042239385 -0.089535954642463916 0.24445730673112276 -0.07674510397925477 0.24096889291388376 -0.040698161201119978 0.21189877777022692 -0.0069768276344777331 0.01073358097611943 -0.0034884138172388622 0.15143293827141979 0.030232919749403408 0.065385397446194871 0.07209388555626968 -0.33578219153627348 0.032558528960895977 -0.079965178272090806 0.11628046057462846 -0.24973465071104828 0.13953655268955417
-0.5923648244280828 -0.31563525300461776 0.23567202692300057 0.004389800355395569 0.24574274538537874 0.036839893178613713 0.010759314596557934 -0.10079325914055288 0.24798068282146263 0.069289986001831907 0.23455305820495859 0.096145235234839893 0.19538915307348867 0.10957285985134395 0.0040455022883057147 0.0055087690734375739 0.11258546793838016 0.11069182856938595 0.010759314596557743 0.091669360362671939 -0.29695708286499367 -0.14667097658027509 -0.12799280644065095 0.053624423949243785 -0.28017255209436359 -0.014632667851318542
-0.67589713910099625 -0.006357993908512936 0.21566315337676359 -0.1022365420488902 0.23770419892627556 -0.081297548776853801 -0.0477273409399048 -0.0956242283840366 0.24541856486860464 -0.059256503227341946 0.24762266942355585 -0.025092882625598247 0.21345904882181227 0.0079686856986697276 0.0073752729338752198 -0.003051837076086264 0.15615233039308116 0.041030254022937702 0.060273782252703988 0.077397979179632467 -0.33315888080608497 0.0068666334211941286 -0.088503275206501905 0.1115615997813761 -0.23838238494318334 0.12809238394351008
-0.6879285282228238 -0.085421440834007004 0.22624172404990112 -0.076128731789303253 0.24018078761695666 -0.052896959177544056 -0.026984597418274147 -0.090067795356358782 0.24947349666166047 -0.027342009304608988 0.24482714213930862 0.0016977064600900284 0.20417154006872987 0.030737422224789184 0.0055398842381886824 -0.005271825323437669 0.14841528580050783 0.056292372097724183 0.053165018092295062 0.080685733340071356 -0.31389698917350051 -0.031988363826960728 -0.086225617578260208 0.10391750595183064 -0.25697914627469043 0.095786385537714763
-0.66363778814568553 0.10966220585656235 0.20967696987425041 -0.13311699564832105 0.22693615481535573 -0.11470719837780856 -0.077976112477507201 -0.07673699150737659 0.23729166578001912 -0.093996176448481961 0.23614105345061195 -0.066381480542713311 0.20967696987425041 -0.034164335319316418 -0.0031863110660502506 -0.0042484147547336261 0.16135125203915507 0.010709545527557766 0.071603490345406778 0.062487100350874125 -0.33226143727646079 0.063637712680281122 -0.060716927536401594 0.11656587983300447 -0.21489897967694371 0.16028914835047162
-0.64607464030439221 -0.18068049704031941 0.23808376828936043 -0.041695499316996759 0.25305138342879518 -0.011760269038127324 -0.037747996423079945 -0.10584242134314568 0.25625872953010259 0.016036730506537207 0.24663669122618026 0.041695499316996766 0.20707942264338844 0.064146922026148884 0.0018092721597118861 -0.0021382307342050475 0.14720896208564946 0.084460114001096043 0.034951848539888947 0.088736575469506029 -0.31785622260393015 -0.080183652532686236 -0.11472430285445862 0.078045421798481118 -0.26867691571721597 0.049179306886714166
-0.65299734461065895 -0.20519488547971404 0.23694702508627316 -0.033874845318418383 0.25074461221335753 -0.0051298721369928647 -0.019458135692041949 -0.095963987390297281 0.25534380792238548 0.028214296753460696 0.24269601972255839 0.053509873153115096 0.19900366048679169 0.07420625384374141 0.0035378428530985456 -0.0028302742824787958 0.13806431734216967 0.084554444189054542 0.032282816034523869 0.084554444189054515 -0.31265686214258154 -0.092514590608526348 -0.11029225094534632 0.071906655989227325 -0.2632155082705297 0.038562487098773787
-0.64380655975307288 -0.23043675652513879 0.23855296825357977 -0.023552928153121943 0.24889715967218062 0.003341969535240321 -0.030396008630042347 -0.10423762121820852 0.25096599795590069 0.027133609798022207 0.24269064482101999 0.05609734577010464 0.19717620257917626 0.074716890323586166 0.0027054039094801903 -0.00079570703220004774 0.1351110540675711 0.091267596593347586 0.035806816449002965 0.092302015735207674 -0.31693011092528589 -0.10423762121820852 -0.10797744426954883 0.077820147749166485 -0.25279612412996083 0.040581058642203384
-0.60471338047981538 -0.31142739094710487 0.23600619432615008 -0.01007855634133018 0.24474094315530295 0.028135969786213702 0.0012598195426661804 -0.10397710625472385 0.24146541234437063 0.058707590688248684 0.22508775828970898 0.082728149968419248 0.19124060657674166 0.098013960419436733 0.013270099182751524 0.010666472127907804 0.12354630315080666 0.10893239645587781 0.020913004408260341 0.10128949123036904 -0.30773192028861718 -0.14983453760777649 -0.1221185076691183 0.070717870328333862 -0.26296633253920865 0.016125690146128351
