C:/Users/vmc04/Desktop/Wing saga/Lab reared wings for landmarking/13/13 landmakrs lab reared txt files/RMOMB 13_Format - {translated and scaled (first one is consensus)} - 1 25 26 0	from C:/Users/vmc04/Dropbox/Homework/RMOMB 13.txt - TPS like internal (simplified) format - can be converted to other format by using TET	
-0.69259019210069628 -0.01507024446261555 0.21702031184812748 -0.092502142238689522 0.23825931947920326 -0.069739259620630809 -0.032228490710279986 -0.086120915730698105 0.24902168657477056 -0.045738228575648535 0.24506913582728346 -0.018117994436581526 0.21002001112667429 0.010788009222752269 0.0098685558051253026 -0.0043554984603912331 0.1473982733803417 0.04240841520264968 0.057108680401598444 0.071028692301924184 -0.32371720306412299 -0.00097440083302282351 -0.07827808797317265 0.098410820974274935 -0.24695200059485403 0.10998274665667715
-0.67591218094746108 0.17729283793899669 0.18301484582003338 -0.14698407744413042 0.21090963424008735 -0.13071211753243225 -0.069200532811287713 -0.063299712183968557 0.22950615985345665 -0.10979102621739179 0.23299300840596351 -0.080733954946502276 0.20393593713507399 -0.048190035123106066 0.0040232867913539746 -0.0028610039405184014 0.15744462310165075 -0.0051855696421895308 0.073760257841488763 0.045954875794576036 -0.30746851723258173 0.08779705842465689 -0.04130574439123371 0.11104271544136851 -0.2017007778065438 0.16567000943064092
-0.68636450465271936 0.035253978996113079 0.20760676519933233 -0.10393395289224439 0.23250216765090861 -0.08469659645239018 -0.040215650114084435 -0.081301768845357072 0.24494986887669667 -0.059801194000814052 0.24608147807904104 -0.038300619156270969 0.21552802961574291 -0.0088787798953173826 0.0039171087773458351 -0.0054839522882842752 0.15442113268914701 0.029595932984391199 0.06162917809690862 0.065807427459410942 -0.33669726112830928 0.023937886972669322 -0.070769098577382505 0.10201892193443081 -0.23258921451262726 0.12578271518366255
-0.68690776120288222 0.010309902944228759 0.22514145779023084 -0.099746215476684538 0.23930709679490283 -0.077952924700266032 -0.042916018759716484 -0.084490911933191581 0.25129340672193301 -0.059428627540310405 0.24802441310547024 -0.033276678608608175 0.20988615424673779 -0.0016764069828014612 -0.0025984308233422508 -0.00058674244398053768 0.14014762376219872 0.036461851875930922 0.056243454272987617 0.069151788040558562 -0.32187014069787279 0.015758225638333376 -0.075605954924344007 0.10402105328282805 -0.24014530028630354 0.12145568590396291
-0.63771760178262693 0.24333357015463811 0.1716190349505731 -0.17446557860143863 0.1954932720223489 -0.1625284600655508 -0.069510759474362582 -0.067031511778447586 0.21220523797259211 -0.14581649411530764 0.22056122094771349 -0.11597369777558791 0.19907440758311543 -0.073000071046391404 -0.0026628956733901698 -0.0025710716846527619 0.15132593343956383 -0.014508190220540666 0.07373466295629244 0.052339673580431574 -0.29512229980264387 0.12634980850293653 -0.038474251281054 0.12993094406370301 -0.18052596185812009 0.20394107898620792
-0.61888439447240995 -0.3054929555259035 0.22795193011718784 -0.00076436936328417118 0.24672144448227684 0.032358303045696243 0.0005095795755228514 -0.099028297509925964 0.2533459789640729 0.066585064534975813 0.23457646459898404 0.095291380622758798 0.1904129013870102 0.10522818234545303 -0.0028026876653753099 -0.011805260166277623 0.11643893300695421 0.10522818234545303 0.017070915780012998 0.089770935221262227 -0.28655358130230685 -0.13656732624010359 -0.11541977385590839 0.057752351892581211 -0.26336771061602077 0.0014438087973146056
-0.65235264178264696 0.20837133249775014 0.18431196214749462 -0.15690146521273884 0.20665280604416061 -0.14573104326440584 -0.064788447300331495 -0.069772174015741456 0.22452548116149329 -0.12785836814707305 0.22564252335632659 -0.10104935547107387 0.201067595069994 -0.06083583645707509 -6.3496497366105565e-17 -0.0038666845205767727 0.15080069630249537 -0.0083348532999099716 0.070373658274497874 0.050868383026254911 -0.30495251918949084 0.10448640837825333 -0.039096476819165504 0.12012499910591952 -0.20218463726482735 0.19049865738041732
-0.62147926483745775 0.3273361014211516 0.14577159719099195 -0.17965786027165662 0.17393792839614808 -0.17289794078241924 -0.057025987486131267 -0.064739228954620129 0.19759764660847901 -0.1548714888111194 0.20886417909054156 -0.1312117705987883 0.18745776737462297 -0.090652253663363672 0.012826513902655712 -0.011786526288926773 0.14689825043919819 -0.036572897749464067 0.077045749050411422 0.033279603639322815 -0.28010333063096693 0.15157819470097803 -0.026606349784562899 0.12003190375120336 -0.16518469931393051 0.21016416360770257
-0.68631359020548366 -0.080682316482411795 0.22782904654269151 -0.06620746352537614 0.24453079995465585 -0.045051909203554771 -0.026037605319164797 -0.089589918302126037 0.25121150131944131 -0.021669454426804867 0.24119044927226288 0.0039399008048736205 0.21335419358565583 0.028435805809087746 0.0095928019596922039 -0.0016273503324477862 0.14988753062019164 0.056272061495694858 0.046336659466013522 0.074087265135123426 -0.31998846536973496 -0.030577056246519085 -0.091731168739557362 0.088562118092159095 -0.25986215308666377 0.084108317182301939
-0.63567355980202267 0.27919076541620474 0.15150945789181636 -0.17713112495356645 0.18148680835406411 -0.16491813032079883 -0.069434717737342957 -0.063883356540630529 0.20369225314091416 -0.14826404673066126 0.2125744310556541 -0.1227277852257835 0.19481007522617411 -0.081647712370110703 0.011615155734659974 -0.0094800168128476251 0.15150945789181619 -0.022803283684957671 0.088223940249293101 0.039371961718222791 -0.28926862112715984 0.13596564654102111 -0.027244372642327826 0.12597319638693849 -0.17380030823553891 0.21035388657696913
-0.68252175997026665 0.12818072722098289 0.19741533848397577 -0.12926372672677269 0.22155075604157809 -0.11216780595680462 -0.03991626749911107 -0.076970322018634851 0.22959589522744533 -0.097083169983303241 0.23562974961684596 -0.066913898036300698 0.20948304726277703 -0.031716414098130905 0.012377137209026791 -0.0085866389387622335 0.15216143056347217 0.0095149242294392759 0.067687469111864879 0.055774474548176668 -0.31948485420800193 0.064825256132277423 -0.064051685056713201 0.11007916405278137 -0.21992625678289332 0.15432742957505191
-0.6603207646187168 0.18691757077199117 0.17894519408630583 -0.15329493866279664 0.20260235533839396 -0.13639696633987669 -0.070018264804714347 -0.076690797465559665 0.22175339063770297 -0.12062552550515146 0.22851257956687118 -0.092462238300284882 0.20598194980297771 -0.050780573237082446 0.012218533833496064 -0.0090989081738799531 0.16204722176338596 -0.0012131877565173233 0.078683891636981029 0.053986855165021094 -0.30771640881378792 0.093415457251834241 -0.04298150908804254 0.1227052759448954 -0.20970816934085251 0.18353797630740712
-0.66243434115338051 -0.1714922979198806 0.23678252841175837 -0.032223343731133565 0.24994179967368746 -0.0091946190227580656 -0.0077605958724196646 -0.092536670348307384 0.25323161748916956 0.019317135378087852 0.24116895216573478 0.043442466024957521 0.19840132056446597 0.060988161040862542 0.018557946651438052 -0.00042177151480536781 0.13479817613180969 0.077437250118273723 0.03829685354433137 0.077437250118273696 -0.32687292397419437 -0.081570610963366791 -0.10316531252140379 0.068664402610321015 -0.27094602111099664 0.040152648209475138
-0.69164561743517228 0.016776050534751612 0.20717608039033075 -0.10497247154997487 0.23576051601022319 -0.079564084332292881 -0.044790426185016489 -0.085916181136713399 0.24528866121685397 -0.062625159520504819 0.23999524721317009 -0.036158089502085995 0.210352128792541 -0.0033389226792466882 0.011319762254031515 -0.0043976054799834104 0.15530062315422993 0.03371497534653968 0.067429950693079457 0.070768873372326013 -0.32004795437657191 0.018893416136225114 -0.077609593007855554 0.10994013699958578 -0.23852937871984189 0.12687906181137384
-0.6913878709998782 0.03753080894316544 0.21834329994539523 -0.11366752812734778 0.22850789403416921 -0.09460891421089658 -0.037042126535051366 -0.08444432012212251 0.24629593368952399 -0.069197428988961571 0.23740191386184661 -0.036162498200446001 0.20436698307333126 -0.0094804387174142503 0.0023456755589477576 -0.0069392901952206763 0.15100286410726776 0.028636789115488257 0.059521517308301568 0.062942294165100596 -0.30894501840975597 0.0362602346820688 -0.061183037495889665 0.10868296756458358 -0.2492280281382088 0.14044732409200236
-0.61153690874658428 -0.33807741932027929 0.22849617987508106 0.0084362297361577389 0.24016330610593781 0.038770757936384549 0.01148763198115099 -0.088400917979950963 0.23899659348285215 0.070271998759697002 0.22616275462891003 0.092439538598324267 0.18066096232856982 0.10760680269843767 0.013821057227322416 0.0037693792438152187 0.11299163018960219 0.11110694056769467 0.02315475821200752 0.099439814336838142 -0.28485737428260322 -0.14790326175731885 -0.11218390606592746 0.057438159905754946 -0.26735668493631859 -0.01489802272555525
-0.60607657982302143 -0.34816052125353536 0.22591633122161525 0.021362215804436785 0.24065190049079821 0.059901396969992166 0.021885372109851753 -0.089721306378634597 0.23838488983400083 0.088239030179959363 0.22138230990802063 0.10977563141953448 0.17490859144367432 0.11544315806152784 0.016217845467858122 0.0020926252216591566 0.098963734440962306 0.10297459944914235 0.021885372109851624 0.085972019523161983 -0.28756158254299019 -0.16679966870974533 -0.10733423532759886 0.04403232237241065 -0.25922394933302301 -0.02511150265990943
-0.65593286240512672 -0.20850023355228578 0.23103600347666026 -0.027415562624534675 0.24487687004438646 -0.00088723503639266893 -0.0031053226273744846 -0.095466489915854991 0.25064389778093932 0.03140812028830179 0.23680303121321297 0.055629636781822582 0.20220086479389748 0.074084125538790846 0.0015082995618677117 -0.0031940461310138325 0.13530334304988753 0.089078397653827565 0.043030899265046288 0.087924992106516914 -0.31337141485390324 -0.098926706557786653 -0.10114479414876817 0.071777314444169696 -0.27184881515072468 0.024487687004438582
-0.69502244647821121 0.026180389102973614 0.21297842084134341 -0.10548594733460888 0.23409472008133328 -0.085611783344030357 -0.027995817544420713 -0.085611783344030273 0.24154753157780021 -0.06822188985227419 0.24278966682721137 -0.039652779115817681 0.20428347409546546 -0.0023887216334829431 0.016721051434380973 -0.0011465863840717876 0.14341884687431877 0.033633200599440478 0.06143792041318244 0.068412987582952972 -0.32113973640545335 0.021211848105328994 -0.077681227520867008 0.10691918031469864 -0.23543240419608377 0.13176188530292168
-0.67347344935973852 -0.14524629748847701 0.22978851262967062 -0.051556891856596794 0.24780570602041693 -0.021528236205353071 0.00036958345416920256 -0.088792424864138936 0.2550125833767154 0.0085004194458905662 0.24540341356831732 0.038529075097134227 0.19615641830027772 0.058948560939979779 0.018386776844915326 -0.0011087503625075393 0.13129452209359158 0.070960023200477312 0.041208555139860471 0.076965754330725958 -0.32393989757926234 -0.073177523925492288 -0.098124407081910087 0.074563461878626516 -0.26988831740702379 0.052942829809731001
-0.67608935517239721 -0.14607478038761285 0.22673892508568627 -0.053925640671348411 0.24773493160331625 -0.02593096531450868 -0.018214484286661774 -0.092418319287003253 0.25473360044252608 -0.0014356243772739219 0.24190270757064117 0.027725495786100934 0.20807580818112653 0.049887947110265729 0.012113080683248074 -0.0014356243772739219 0.1345897853694222 0.070883953627895582 0.044773535266227772 0.086047736112850465 -0.31449146514654974 -0.062090754317093516 -0.09636628632450632 0.08021551208017548 -0.26550078327208004 0.068551064014825594
-0.63342934579414401 -0.28888837343588281 0.23158100240157162 0.00095802595954016059 0.24743197736850867 0.029263338400499467 0.0062707153715356109 -0.088486761353891136 0.2462997648708703 0.057568650841458721 0.23497763989448672 0.080212900794226147 0.18968913998895176 0.096063875761163375 0.014196202855004206 -0.00017418653809817811 0.10703762766135068 0.094931663263525007 0.024386115333749608 0.08813838827769481 -0.29829444649318609 -0.13037862376651072 -0.10242168440174806 0.060965288334373882 -0.26772470905695017 -0.00017418653809812178
-0.69349944422225174 -0.031227650157237771 0.22333032949530154 -0.075700736195775789 0.24157569812649676 -0.056315032025131016 -0.030964495801980137 -0.089384762669172099 0.25069838244209419 -0.032367985696687529 0.24841771136319479 -0.0095612749076935833 0.21078663856135491 0.017806778039098987 0.0089472480787591881 -0.0095612749076935833 0.14920851943107147 0.047455502064791009 0.048858991959498332 0.067981541774885482 -0.32060972282220224 -0.0072806038287942295 -0.083419930616666055 0.087367245945530372 -0.25332992599467036 0.090788252563879318
-0.68083999285855934 0.13740735906524154 0.19946519247313813 -0.13112074786617811 0.22281546264108765 -0.11010550471502357 -0.06089031989949921 -0.075080099463099251 0.23565811123346003 -0.093760315597458885 0.24149567877544728 -0.065739991395919462 0.21230784106551037 -0.036552153685982504 0.00098789604556718765 -0.0085318294844430893 0.14926211161204664 0.011315900158314081 0.067536166024223424 0.052178872952225737 -0.31657577823854649 0.061518981019405589 -0.060890319899499175 0.10705200784690715 -0.2103320489743761 0.15141752116601126
-0.66140484542403166 -0.2060177478365377 0.22964632365475676 -0.034661753782924506 0.24995518220925922 -0.0029291622915147354 -0.0013669424027069259 -0.08924181114814958 0.2512244858689156 0.022456910901613069 0.23980075293200806 0.049112287754397341 0.19410582118437775 0.065613235329930464 0.017672612492139136 -0.00039055497220202005 0.13064063820155805 0.082114182905463573 0.039250774706297682 0.085922093884432685 -0.3148849463378362 -0.082895292849867616 -0.10291123517521837 0.071959753628212442 -0.27172862190951863 0.038957858477146154
-0.69695605386191639 0.059523814329828353 0.19657090864477833 -0.11678723064713196 0.21833770432094629 -0.099373794106197594 -0.025450407252134911 -0.079783677997646435 0.23466280107807225 -0.074341979078604389 0.23357446129426385 -0.047133484483394439 0.20636596669905391 -0.012306611401525719 0.024613222803051386 -0.0035998931310585376 0.15739067642767601 0.02034358211272622 0.071411833506812558 0.062788833681253736 -0.32474384779944421 0.037757018653660525 -0.05918894055019501 0.10958744438501487 -0.23658832531096397 0.14332597768307506
